0 0.126859 0.832109 0.013281 0.014609
0 0.076461 0.791465 0.010578 0.022227
0 0.117656 0.738369 0.015656 0.019902
0 0.186641 0.776162 0.016469 0.017207
0 0.155750 0.685996 0.014844 0.022500
0 0.177437 0.647676 0.014063 0.032227
0 0.168609 0.621309 0.019844 0.031445
0 0.265625 0.142187 0.016125 0.013594
0 0.112461 0.920703 0.018234 0.016328
0 0.248906 0.152695 0.016875 0.022734
0 0.261867 0.092061 0.010828 0.029707
0 0.450703 0.151650 0.016531 0.019434
0 0.407289 0.107305 0.022359 0.022266
0 0.368898 0.062559 0.011016 0.021055
0 0.348961 0.080381 0.011984 0.022676
0 0.289344 0.207822 0.013500 0.025645
