0 0.079250 0.447368 0.022391 0.044443
0 0.097977 0.314648 0.017641 0.061934
0 0.077539 0.366611 0.019312 0.053887
0 0.067070 0.413604 0.035547 0.032891
0 0.076449 0.466616 0.011195 0.025537
0 0.054055 0.457690 0.030797 0.039893
0 0.073789 0.506157 0.033313 0.050732
0 0.092406 0.441772 0.017922 0.059131
0 0.056340 0.609829 0.021164 0.041572
0 0.049789 0.660640 0.032250 0.022256
0 0.160809 0.561963 0.031914 0.048281
0 0.200449 0.627256 0.040648 0.043672
0 0.089316 0.723516 0.027008 0.035781
0 0.091738 0.744175 0.036680 0.040811
0 0.189086 0.685977 0.028219 0.033262
0 0.193523 0.712935 0.028219 0.023682
0 0.222547 0.698071 0.018547 0.059463
