0 0.064086 0.704116 0.022172 0.038799
0 0.101738 0.412974 0.017336 0.058447
0 0.082387 0.463110 0.020555 0.049893
0 0.071906 0.511479 0.035875 0.028721
0 0.085004 0.546504 0.020961 0.043340
0 0.098109 0.540708 0.016531 0.058955
0 0.057191 0.552549 0.026602 0.034258
0 0.081711 0.610923 0.030234 0.042686
0 0.073508 0.573623 0.023234 0.036387
0 0.060000 0.756294 0.031906 0.023936
0 0.096781 0.816973 0.027547 0.036953
0 0.101145 0.837549 0.034945 0.041152
0 0.167117 0.661587 0.032250 0.049385
0 0.208641 0.725332 0.038703 0.046855
0 0.230078 0.796323 0.019359 0.059482
0 0.196488 0.784365 0.028227 0.032656
0 0.201387 0.808862 0.028695 0.023916
