0 0.800680 0.017412 0.020578 0.034824
0 0.453191 0.469287 0.011086 0.057109
0 0.464273 0.463696 0.014172 0.037295
0 0.496645 0.390801 0.036586 0.020410
0 0.518582 0.355024 0.014398 0.047393
0 0.497320 0.359800 0.011250 0.038408
0 0.486242 0.359434 0.012047 0.047578
0 0.580703 0.188242 0.023797 0.077715
0 0.408902 0.225850 0.036180 0.021895
0 0.423973 0.206528 0.030539 0.033311
0 0.796223 0.334287 0.021711 0.046602
0 0.789746 0.318491 0.017820 0.044971
0 0.925629 0.281104 0.027023 0.051543
0 0.895105 0.295078 0.027023 0.017754
0 0.896176 0.273574 0.018273 0.029668
0 0.882906 0.230527 0.036656 0.026250
0 0.866262 0.147520 0.023133 0.054219
0 0.794430 0.122490 0.016328 0.035234
0 0.765156 0.185664 0.014219 0.040098
0 0.749715 0.199033 0.014383 0.035723
0 0.787426 0.025151 0.017492 0.038291
0 0.751809 0.049214 0.024320 0.060771
