0 0.084184 0.707168 0.029898 0.027715
0 0.100086 0.742373 0.023906 0.041309
0 0.092504 0.756714 0.009523 0.013604
0 0.083281 0.890122 0.019594 0.030791
0 0.099117 0.811924 0.029859 0.041113
0 0.079129 0.935488 0.028773 0.018477
0 0.182164 0.852720 0.027531 0.035576
0 0.247293 0.975542 0.017633 0.043389
0 0.219945 0.988730 0.020438 0.012246
0 0.226391 0.911973 0.033359 0.042871
0 0.129371 0.780112 0.009336 0.012939
0 0.073590 0.746772 0.026055 0.032314
0 0.111887 0.735234 0.013992 0.053457
0 0.125082 0.990640 0.009398 0.018721
0 0.214148 0.969336 0.026594 0.030547
0 0.113242 0.611846 0.018141 0.056270
0 0.093926 0.660137 0.017805 0.047031
