0 0.493410 0.524082 0.011180 0.048398
0 0.461191 0.624282 0.011508 0.053057
0 0.472043 0.616992 0.013773 0.040098
0 0.505320 0.548574 0.035312 0.018457
0 0.504996 0.513442 0.011336 0.037275
0 0.526297 0.511631 0.014094 0.049414
0 0.416828 0.379678 0.038906 0.023418
0 0.432004 0.361909 0.031914 0.034326
0 0.586828 0.344199 0.029750 0.069746
0 0.801441 0.487129 0.028836 0.045156
0 0.797391 0.468799 0.019437 0.048203
0 0.933980 0.432275 0.026914 0.053477
0 0.902879 0.445244 0.025289 0.021465
0 0.904656 0.423984 0.019453 0.034023
0 0.892535 0.380166 0.036477 0.028145
0 0.758543 0.351294 0.014773 0.034502
0 0.775164 0.335747 0.015359 0.038877
0 0.874793 0.298237 0.026055 0.045947
0 0.804520 0.270776 0.016133 0.038662
0 0.762789 0.194878 0.024313 0.061963
0 0.813039 0.161465 0.020625 0.036934
0 0.799340 0.169849 0.017320 0.035713
0 0.798180 0.126958 0.018859 0.049580
0 0.775438 0.136152 0.018078 0.052754
0 0.785266 0.097656 0.024125 0.039121
0 0.799887 0.059683 0.022414 0.043760
