0 0.552086 0.223018 0.021391 0.026738
0 0.506211 0.075723 0.016484 0.026328
0 0.472766 0.135586 0.022719 0.024297
0 0.557266 0.170371 0.021375 0.025117
0 0.472937 0.165547 0.022969 0.013516
0 0.364273 0.150664 0.018891 0.014883
0 0.128484 0.994258 0.014000 0.011484
0 0.164062 0.950107 0.015156 0.019434
0 0.185641 0.919980 0.013219 0.033047
0 0.175727 0.893262 0.019828 0.033008
0 0.210094 0.812646 0.035063 0.031660
0 0.263508 0.511494 0.018359 0.017207
0 0.285906 0.497158 0.013531 0.029707
0 0.254008 0.375254 0.010047 0.028750
0 0.406609 0.390850 0.021063 0.017832
0 0.364164 0.344883 0.009391 0.020664
0 0.453984 0.265215 0.021812 0.022500
0 0.448672 0.439199 0.015187 0.022266
0 0.315172 0.411328 0.016500 0.018750
0 0.344141 0.363164 0.011813 0.022266
0 0.357461 0.218643 0.009766 0.015254
