0 0.851313 0.004189 0.016750 0.008379
0 0.266273 0.969209 0.018641 0.015527
0 0.289336 0.961406 0.012422 0.022617
0 0.243289 0.906729 0.019203 0.024629
0 0.260313 0.894414 0.016469 0.012148
0 0.399898 0.868418 0.021328 0.023633
0 0.341562 0.839395 0.010562 0.022266
0 0.361680 0.824551 0.012453 0.022266
0 0.310930 0.883271 0.008641 0.020254
0 0.448953 0.746592 0.021594 0.026152
0 0.405891 0.662109 0.011250 0.019219
0 0.391547 0.631406 0.023812 0.020156
0 0.466078 0.618867 0.021750 0.021797
0 0.466922 0.649102 0.022687 0.016172
0 0.548203 0.701279 0.017156 0.024082
0 0.547781 0.650479 0.011188 0.022754
0 0.498586 0.558115 0.013984 0.023418
0 0.844992 0.021191 0.021328 0.014180
