0 0.071031 0.425732 0.010125 0.024473
0 0.016664 0.484795 0.008578 0.015176
0 0.005031 0.470469 0.010063 0.028594
0 0.114617 0.367832 0.016766 0.018906
0 0.201000 0.061709 0.030719 0.026738
0 0.025062 0.132422 0.025656 0.015547
0 0.110297 0.259082 0.016656 0.028125
0 0.173797 0.242168 0.020469 0.028438
0 0.180992 0.267910 0.015984 0.035469
0 0.157930 0.310547 0.014172 0.021406
0 0.186414 0.401260 0.016859 0.020254
0 0.104375 0.562227 0.020406 0.019492
0 0.123320 0.464443 0.012984 0.018223
0 0.079250 0.517285 0.013000 0.018633
0 0.063383 0.507979 0.011047 0.022676
