0 0.185781 0.292422 0.024531 0.014336
0 0.015898 0.360195 0.022734 0.010859
0 0.168477 0.479814 0.020641 0.031582
0 0.177023 0.505078 0.012859 0.035469
0 0.155195 0.546348 0.013984 0.020898
0 0.186398 0.637744 0.017266 0.018066
0 0.113852 0.601582 0.013984 0.016914
0 0.271523 0.083203 0.017109 0.018516
0 0.106742 0.793789 0.017172 0.021875
0 0.123328 0.696719 0.012313 0.018672
0 0.072305 0.654629 0.011984 0.021875
0 0.076188 0.699785 0.008750 0.020664
0 0.068414 0.734404 0.007453 0.022676
0 0.082445 0.748125 0.013047 0.018008
0 0.296414 0.070576 0.014922 0.027988
0 0.453156 0.016553 0.013219 0.018887
0 0.209352 0.026006 0.019172 0.017559
0 0.256062 0.017236 0.014875 0.010801
0 0.270102 0.009639 0.015391 0.011152
