0 0.759305 0.658467 0.010578 0.029238
0 0.736352 0.674736 0.022984 0.019277
0 0.670430 0.614824 0.019797 0.023906
0 0.665602 0.602158 0.016422 0.017715
0 0.711367 0.612139 0.013984 0.017441
0 0.731961 0.592734 0.015547 0.018008
0 0.725359 0.545596 0.012594 0.024746
0 0.786445 0.574150 0.013266 0.022207
0 0.831961 0.508105 0.010359 0.020820
0 0.813398 0.525547 0.011016 0.026992
0 0.867172 0.555361 0.023625 0.027559
0 0.855578 0.313164 0.017437 0.022969
0 0.841891 0.312109 0.011438 0.029297
0 0.827266 0.311523 0.017437 0.020156
0 0.870203 0.341172 0.012188 0.026016
0 0.923078 0.328633 0.021562 0.019688
0 0.991367 0.379639 0.017266 0.025645
0 0.991406 0.332393 0.017188 0.028340
0 0.821898 0.383486 0.012422 0.028691
0 0.910859 0.422070 0.018375 0.019609
0 0.691563 0.897666 0.021719 0.016621
