0 0.938422 0.533081 0.028469 0.057393
0 0.793305 0.201958 0.025953 0.046162
0 0.807746 0.154121 0.020133 0.048770
0 0.804148 0.228291 0.022687 0.059414
0 0.806129 0.269102 0.019148 0.038184
0 0.820043 0.259946 0.022148 0.039248
0 0.780277 0.241943 0.015164 0.041406
0 0.769406 0.295991 0.022953 0.059424
0 0.811574 0.371973 0.016680 0.040605
0 0.880879 0.400537 0.027148 0.043281
0 0.781242 0.436763 0.015484 0.038955
0 0.763000 0.449448 0.018156 0.040732
0 0.897988 0.480996 0.037242 0.030586
0 0.909414 0.523848 0.017797 0.037598
0 0.908078 0.546201 0.028297 0.022246
0 0.801297 0.568447 0.019938 0.042930
0 0.804859 0.586582 0.030609 0.042715
0 0.591141 0.450859 0.032313 0.062793
0 0.438465 0.466929 0.031695 0.036943
0 0.422805 0.484170 0.040594 0.022500
0 0.532539 0.615376 0.014844 0.051904
0 0.510293 0.616768 0.010148 0.038613
0 0.499297 0.632808 0.010500 0.054971
0 0.514707 0.652959 0.028633 0.019668
0 0.477664 0.719800 0.012812 0.041377
0 0.467625 0.727939 0.012391 0.053398
