0 0.754965 0.097544 0.022945 0.060537
0 0.456437 0.521226 0.010078 0.055322
0 0.466648 0.514893 0.014578 0.037988
0 0.498930 0.443369 0.036562 0.017988
0 0.488441 0.414087 0.012445 0.051279
0 0.500391 0.408071 0.013438 0.039971
0 0.520520 0.405703 0.015555 0.048594
0 0.410555 0.274736 0.037797 0.028027
0 0.426289 0.258262 0.030578 0.034727
0 0.583480 0.239033 0.023555 0.076465
0 0.798301 0.385879 0.021945 0.045488
0 0.791422 0.369697 0.018453 0.044023
0 0.928820 0.331006 0.029000 0.051660
0 0.898121 0.343369 0.025602 0.019238
0 0.899418 0.323223 0.016523 0.032402
0 0.885770 0.279014 0.036633 0.025918
0 0.868633 0.198364 0.025078 0.052510
0 0.753359 0.249092 0.015156 0.037031
0 0.769219 0.234658 0.014219 0.040234
0 0.798289 0.172085 0.017016 0.036787
0 0.804641 0.063276 0.019781 0.036045
0 0.789895 0.073799 0.020430 0.036855
0 0.789500 0.029658 0.018312 0.051035
0 0.766984 0.041709 0.012797 0.050020
0 0.773293 0.013716 0.014758 0.027432
