0 0.172086 0.287158 0.021047 0.028691
0 0.180156 0.312617 0.013500 0.033750
0 0.155859 0.354453 0.014594 0.021602
0 0.115008 0.411875 0.013766 0.017891
0 0.185805 0.447275 0.017828 0.020254
0 0.103031 0.610420 0.021094 0.026660
0 0.123141 0.508828 0.014312 0.017891
0 0.077500 0.563672 0.014312 0.019570
0 0.062938 0.554229 0.008406 0.018223
0 0.074266 0.506133 0.010000 0.020586
0 0.071711 0.470186 0.010828 0.022949
0 0.017039 0.538535 0.009484 0.028008
0 0.196367 0.103750 0.025953 0.021875
0 0.021242 0.175195 0.022953 0.011172
