0 0.402656 0.440898 0.023062 0.022031
0 0.552273 0.267070 0.020953 0.023906
0 0.472172 0.211094 0.024094 0.012695
0 0.504586 0.121514 0.012828 0.022520
0 0.557680 0.215186 0.022297 0.025879
0 0.186547 0.960693 0.013719 0.032910
0 0.254094 0.425781 0.012188 0.027656
0 0.285656 0.544043 0.014375 0.027930
0 0.261359 0.557422 0.019219 0.019922
0 0.166750 0.989951 0.015531 0.018848
0 0.453453 0.309961 0.020250 0.019727
0 0.363828 0.393750 0.011062 0.018750
0 0.447867 0.485137 0.014891 0.021445
0 0.313188 0.461973 0.011469 0.012656
0 0.356430 0.267158 0.012578 0.021816
0 0.342844 0.410547 0.012562 0.021328
0 0.176875 0.934824 0.020938 0.031797
0 0.469602 0.182822 0.016203 0.023652
