0 0.831805 0.665264 0.019859 0.017988
0 0.909367 0.766836 0.020266 0.029648
0 0.992602 0.668916 0.014797 0.022363
0 0.828164 0.849277 0.013234 0.021602
0 0.728281 0.879004 0.011563 0.015039
0 0.732578 0.932637 0.010000 0.012695
0 0.713984 0.942500 0.014687 0.012891
0 0.673828 0.951973 0.013125 0.014258
0 0.895258 0.920313 0.016203 0.023281
0 0.860961 0.891621 0.018891 0.025313
0 0.809516 0.866387 0.013750 0.019922
0 0.924938 0.645586 0.014781 0.022344
0 0.956633 0.587510 0.012828 0.023809
0 0.780953 0.914570 0.014219 0.019727
0 0.824047 0.736221 0.011281 0.026738
