0 0.475180 0.877056 0.011406 0.048076
0 0.486215 0.867822 0.013539 0.042070
0 0.522043 0.805518 0.029305 0.020859
0 0.539398 0.767651 0.014844 0.050791
0 0.518563 0.770527 0.012922 0.034297
0 0.505586 0.786655 0.012469 0.057646
0 0.431980 0.638447 0.040758 0.023828
0 0.446305 0.623530 0.030609 0.036260
0 0.598168 0.607129 0.035898 0.055020
0 0.807832 0.735938 0.033992 0.042930
0 0.806672 0.718701 0.021719 0.046270
0 0.942465 0.680234 0.026680 0.056367
0 0.911090 0.693999 0.025883 0.021787
0 0.913125 0.671895 0.019250 0.035234
0 0.902746 0.633774 0.036930 0.030752
0 0.769930 0.603887 0.016625 0.032070
0 0.787582 0.591465 0.014539 0.035039
0 0.886598 0.553452 0.027758 0.037373
0 0.818465 0.524751 0.014742 0.040869
0 0.776469 0.451011 0.024734 0.049834
0 0.827645 0.411733 0.021023 0.040732
0 0.815547 0.420972 0.016391 0.037842
0 0.812527 0.379590 0.024211 0.057422
0 0.790305 0.387529 0.016406 0.048691
0 0.803562 0.351973 0.023891 0.043379
0 0.818746 0.305078 0.017633 0.042715
