0 0.556305 0.312783 0.021828 0.023066
0 0.048492 0.964492 0.022359 0.022266
0 0.025000 0.901924 0.016844 0.013770
0 0.285344 0.641455 0.013500 0.027676
0 0.251992 0.519453 0.011078 0.025312
0 0.400898 0.541221 0.022672 0.023613
0 0.445039 0.584932 0.015391 0.019238
0 0.341359 0.510840 0.011062 0.021602
0 0.361609 0.491611 0.011063 0.022949
0 0.470688 0.309268 0.026562 0.013223
0 0.470008 0.278750 0.022047 0.022500
0 0.551008 0.365381 0.019797 0.023066
0 0.457156 0.401924 0.014656 0.014629
0 0.409344 0.323037 0.011406 0.018965
0 0.261086 0.653818 0.022672 0.018262
0 0.239875 0.581660 0.014625 0.012930
0 0.258188 0.572559 0.017062 0.013359
0 0.312531 0.556924 0.014063 0.020332
0 0.353594 0.365459 0.013500 0.026504
