0 0.668211 0.930332 0.016797 0.018672
0 0.710953 0.914736 0.018187 0.018730
0 0.727289 0.906865 0.016328 0.014629
0 0.727203 0.850527 0.011250 0.019414
0 0.778391 0.888779 0.013719 0.019980
0 0.807414 0.841816 0.012828 0.022773
0 0.825414 0.822129 0.011922 0.021094
0 0.859836 0.861504 0.017328 0.021094
0 0.894047 0.897070 0.014625 0.022500
0 0.751539 0.970967 0.010359 0.017012
0 0.726586 0.981494 0.016203 0.017012
0 0.902523 0.743535 0.010797 0.023906
0 0.990453 0.641504 0.012312 0.021875
0 0.828227 0.638730 0.016859 0.019883
0 0.821617 0.707236 0.012953 0.023887
0 0.954039 0.555771 0.015234 0.027949
