0 0.392078 0.683555 0.023656 0.018945
0 0.847000 0.068115 0.019469 0.012832
0 0.851883 0.043457 0.016734 0.016914
0 0.760617 0.013945 0.018359 0.023281
0 0.868781 0.004980 0.009219 0.009961
0 0.263305 0.941025 0.014859 0.012480
0 0.255031 0.899980 0.011906 0.015859
0 0.241273 0.952129 0.014047 0.021602
0 0.400977 0.916680 0.020797 0.024297
0 0.448359 0.795527 0.023219 0.026992
0 0.344008 0.892051 0.013766 0.024297
0 0.311742 0.931875 0.010266 0.016875
0 0.360906 0.876055 0.009719 0.019570
0 0.350547 0.755156 0.011406 0.025195
0 0.405266 0.713818 0.010625 0.019746
0 0.465266 0.700146 0.024688 0.015840
0 0.464641 0.671240 0.021250 0.022090
0 0.497687 0.607275 0.013281 0.030879
0 0.543422 0.753955 0.021000 0.024121
0 0.692023 0.021260 0.017922 0.024785
