0 0.826242 0.677012 0.016734 0.015195
0 0.820570 0.746201 0.012422 0.025996
0 0.889656 0.932832 0.015938 0.020312
0 0.853969 0.903721 0.019250 0.024238
0 0.822625 0.860957 0.010937 0.018359
0 0.803641 0.878535 0.012969 0.022266
0 0.776375 0.924434 0.015938 0.019922
0 0.722938 0.888594 0.010313 0.015430
0 0.723875 0.943379 0.017188 0.014062
0 0.707156 0.954512 0.015000 0.012109
0 0.667266 0.963184 0.016406 0.014258
0 0.905219 0.777920 0.020250 0.029355
0 0.986758 0.727979 0.014859 0.016543
0 0.990070 0.679209 0.019859 0.020918
0 0.950172 0.597871 0.010250 0.021602
0 0.921281 0.657607 0.014594 0.020918
