0 0.313398 0.837715 0.015266 0.021875
0 0.499375 0.508770 0.018125 0.030820
0 0.466875 0.571836 0.021875 0.022266
0 0.466406 0.601426 0.022500 0.013477
0 0.550625 0.603477 0.017188 0.022656
0 0.547813 0.656406 0.020313 0.022656
0 0.448516 0.698203 0.019219 0.022266
0 0.405625 0.616074 0.010312 0.017773
0 0.392578 0.585020 0.024531 0.018945
0 0.402672 0.822578 0.017094 0.019453
0 0.341766 0.795371 0.012969 0.023125
0 0.242453 0.862803 0.019125 0.025137
0 0.260273 0.851689 0.016516 0.015801
0 0.253461 0.804277 0.010078 0.026367
0 0.265781 0.926992 0.018469 0.018281
0 0.287656 0.918516 0.014250 0.023086
