1 0.100543 0.390630 0.033273 0.045830
1 0.418648 0.337397 0.047937 0.022568
1 0.463488 0.294395 0.048508 0.029609
1 0.561910 0.258789 0.029898 0.050059
1 0.410754 0.230591 0.045680 0.031729
1 0.356047 0.252793 0.035531 0.057812
1 0.347863 0.199229 0.038352 0.059199
1 0.372961 0.196396 0.041172 0.039473
1 0.432957 0.200942 0.039883 0.028428
1 0.408996 0.190791 0.030945 0.046699
1 0.373711 0.129370 0.031672 0.057861
1 0.443152 0.102974 0.027617 0.059893
5 0.885344 0.121245 0.057750 0.072080
5 0.904836 0.062363 0.052875 0.033496
5 0.884168 0.053228 0.060102 0.047725
5 0.902848 0.017729 0.053602 0.035459
5 0.992438 0.026323 0.015125 0.038584
