0 0.458320 0.252139 0.021391 0.023887
0 0.529164 0.287393 0.016859 0.023496
0 0.515719 0.274834 0.014063 0.026973
0 0.524766 0.229590 0.012031 0.027148
0 0.523844 0.192021 0.013687 0.025332
0 0.558203 0.337256 0.021375 0.021934
0 0.611727 0.077314 0.015391 0.021973
0 0.644125 0.170322 0.017563 0.018887
0 0.567445 0.134717 0.018078 0.017207
0 0.561375 0.023320 0.021062 0.032109
0 0.578242 0.040039 0.019703 0.024297
0 0.600516 0.053213 0.019437 0.024980
0 0.632250 0.034121 0.020250 0.018594
0 0.472625 0.117383 0.023750 0.013477
