0 0.856039 0.896016 0.018922 0.025391
0 0.952641 0.592734 0.013125 0.024141
0 0.823977 0.854453 0.011266 0.019141
0 0.805312 0.873242 0.012187 0.021875
0 0.777711 0.920078 0.014078 0.018945
0 0.725289 0.883164 0.012984 0.017383
0 0.727008 0.936201 0.012359 0.014473
0 0.710914 0.946348 0.015172 0.015234
0 0.669453 0.957031 0.012344 0.014063
0 0.891984 0.925957 0.015000 0.024141
0 0.821453 0.740586 0.013312 0.025313
0 0.827547 0.671797 0.017625 0.018516
0 0.905703 0.773633 0.022031 0.028906
0 0.991656 0.675264 0.016687 0.021113
0 0.988750 0.721084 0.012000 0.016660
0 0.923031 0.652178 0.015188 0.017129
