0 0.212207 0.772373 0.036273 0.042832
0 0.200281 0.831372 0.028547 0.032334
0 0.076094 0.629570 0.022172 0.032754
0 0.204984 0.856357 0.027875 0.025195
0 0.234039 0.843760 0.020156 0.060469
0 0.086000 0.660640 0.030562 0.048701
0 0.068195 0.752388 0.023781 0.041826
0 0.063320 0.800713 0.031438 0.022168
0 0.102023 0.862236 0.025531 0.035273
0 0.105887 0.885962 0.037289 0.045771
0 0.170723 0.711909 0.031914 0.046182
0 0.104641 0.462446 0.020828 0.058779
0 0.084824 0.514302 0.020148 0.052490
0 0.075586 0.564063 0.033922 0.036113
0 0.087848 0.595767 0.022164 0.044092
0 0.101113 0.589678 0.017133 0.057949
0 0.060641 0.602275 0.027547 0.032754
