5 0.866480 0.534448 0.044555 0.061338
5 0.890449 0.506958 0.059789 0.026084
5 0.891012 0.480869 0.062039 0.028906
5 0.891012 0.450200 0.060914 0.031025
5 0.948824 0.413892 0.032148 0.055693
5 0.988652 0.451968 0.022695 0.040186
1 0.360273 0.582393 0.028203 0.051465
1 0.427109 0.559126 0.025375 0.069795
1 0.549223 0.725513 0.031586 0.045830
1 0.448824 0.749482 0.042867 0.035957
1 0.405961 0.792490 0.039484 0.035957
1 0.344199 0.708945 0.036664 0.059219
1 0.398910 0.692021 0.044555 0.042305
1 0.418934 0.655713 0.037227 0.021855
1 0.396656 0.644785 0.028766 0.042305
1 0.364223 0.658184 0.031586 0.033848
1 0.332355 0.660649 0.031023 0.042998
1 0.097445 0.827739 0.034969 0.055693
