0 0.733688 0.916045 0.022156 0.022363
0 0.757211 0.900000 0.016328 0.032070
0 0.728422 0.839258 0.019469 0.015547
0 0.782484 0.821523 0.013219 0.019922
0 0.812617 0.774619 0.014391 0.024316
0 0.829141 0.753721 0.014000 0.021387
0 0.864328 0.798916 0.023719 0.028184
0 0.908805 0.670664 0.016859 0.025117
0 0.833773 0.565146 0.022547 0.019434
0 0.990781 0.620791 0.018437 0.024785
0 0.993477 0.570498 0.013047 0.024316
0 0.952156 0.476133 0.020594 0.043789
0 0.873641 0.592158 0.014937 0.021504
0 0.898977 0.831689 0.015859 0.023379
