5 0.865070 0.430815 0.041734 0.076846
5 0.899758 0.394858 0.052453 0.030322
5 0.891574 0.368770 0.066555 0.028906
5 0.894680 0.339863 0.056969 0.030313
5 0.951359 0.304971 0.029328 0.059219
5 0.991754 0.345503 0.016492 0.040186
1 0.093492 0.722690 0.041734 0.054287
1 0.405113 0.681094 0.043430 0.027500
1 0.452211 0.636680 0.041734 0.034551
1 0.549781 0.611650 0.033844 0.052168
1 0.344480 0.596489 0.038352 0.061338
1 0.399477 0.577104 0.046812 0.042295
1 0.420340 0.541851 0.042305 0.025381
1 0.398348 0.531279 0.032148 0.045117
1 0.364504 0.543618 0.037789 0.040186
1 0.332922 0.548550 0.034406 0.041592
1 0.362812 0.468882 0.035531 0.055693
1 0.429930 0.444912 0.031016 0.064160
