0 0.802797 0.535903 0.028016 0.042275
0 0.905492 0.494961 0.026250 0.023086
0 0.587855 0.397163 0.032227 0.064385
0 0.507566 0.564985 0.011195 0.038682
0 0.507660 0.601489 0.036461 0.021279
0 0.528922 0.564160 0.015875 0.052246
0 0.496465 0.578350 0.012008 0.047988
0 0.464363 0.677471 0.011758 0.053223
0 0.474910 0.669702 0.013805 0.041064
0 0.799781 0.520459 0.019266 0.044434
0 0.936598 0.482397 0.027539 0.055498
0 0.908086 0.474609 0.017172 0.035840
0 0.777867 0.185957 0.015937 0.053223
0 0.814312 0.209531 0.025469 0.041074
0 0.803625 0.219253 0.017687 0.037178
0 0.801289 0.174902 0.018469 0.050547
0 0.789625 0.151333 0.024688 0.043740
0 0.804180 0.107617 0.018844 0.043672
0 0.765629 0.244448 0.024898 0.060264
0 0.808586 0.321758 0.015984 0.038496
0 0.878570 0.349399 0.026062 0.042686
0 0.894945 0.431807 0.036422 0.029746
0 0.777785 0.386650 0.016930 0.036348
0 0.760613 0.401465 0.017414 0.035742
0 0.420047 0.432891 0.040313 0.022402
0 0.435152 0.414692 0.031383 0.035693
