0 0.577539 0.138188 0.024078 0.078037
0 0.450047 0.417783 0.010266 0.059785
0 0.459984 0.411367 0.013297 0.035859
0 0.494418 0.340596 0.036617 0.019082
0 0.515066 0.301343 0.014727 0.052314
0 0.493938 0.306655 0.011891 0.037314
0 0.486602 0.300156 0.015547 0.047949
0 0.792098 0.283301 0.024383 0.046191
0 0.785937 0.267729 0.017109 0.045146
0 0.922449 0.232720 0.028273 0.050068
0 0.891656 0.245664 0.025469 0.016484
0 0.892871 0.223589 0.015930 0.032061
0 0.879246 0.179590 0.038102 0.027461
0 0.861457 0.100361 0.022742 0.054453
0 0.746082 0.149526 0.015555 0.038096
0 0.761977 0.135654 0.015516 0.041934
0 0.790188 0.074551 0.016703 0.034023
0 0.746391 0.015972 0.022937 0.031943
0 0.406301 0.175581 0.035945 0.019365
0 0.421082 0.156060 0.031242 0.032373
