0 0.736062 0.531133 0.023625 0.019922
0 0.758969 0.513926 0.013500 0.030938
0 0.670187 0.465879 0.020062 0.022031
0 0.664562 0.451465 0.018187 0.021328
0 0.710406 0.463301 0.013500 0.020625
0 0.729688 0.445508 0.019063 0.014844
0 0.784469 0.431367 0.014563 0.022070
0 0.726031 0.397031 0.012656 0.027930
0 0.811562 0.387695 0.011250 0.013281
0 0.830148 0.362461 0.010797 0.015820
0 0.906969 0.285859 0.018938 0.024844
0 0.982898 0.249492 0.014859 0.023281
0 0.987875 0.199531 0.018313 0.021289
0 0.917820 0.193115 0.022953 0.014551
0 0.915531 0.165127 0.017812 0.021270
0 0.866938 0.204268 0.009719 0.021934
0 0.853164 0.172705 0.014047 0.015566
0 0.836828 0.167969 0.012688 0.027031
0 0.816844 0.174238 0.014844 0.016523
0 0.869492 0.409170 0.015984 0.021660
0 0.695766 0.760645 0.028781 0.019648
0 0.629172 0.526748 0.013500 0.022520
