0 0.480625 0.970693 0.010578 0.046270
0 0.491129 0.962368 0.013273 0.041064
0 0.525973 0.902197 0.030930 0.021934
0 0.510449 0.884395 0.013383 0.058223
0 0.544941 0.865918 0.015680 0.051973
0 0.524359 0.869038 0.011203 0.034600
0 0.437742 0.739971 0.041984 0.025273
0 0.452168 0.723403 0.032195 0.042861
0 0.602586 0.709995 0.034672 0.052275
0 0.810098 0.834961 0.033820 0.039609
0 0.808734 0.816128 0.020609 0.039854
0 0.943109 0.776914 0.025469 0.057070
0 0.912734 0.790034 0.027437 0.026631
0 0.914695 0.766084 0.019594 0.033945
0 0.903918 0.731968 0.038914 0.030791
0 0.773469 0.702559 0.015953 0.028027
0 0.790395 0.690288 0.014289 0.033604
0 0.889730 0.653892 0.027039 0.031611
0 0.822180 0.625342 0.015187 0.044004
0 0.780723 0.553901 0.025195 0.043740
0 0.794625 0.488906 0.013766 0.046367
0 0.820953 0.521392 0.015375 0.046572
0 0.831637 0.512275 0.021867 0.041309
0 0.817461 0.482407 0.023000 0.052041
0 0.809770 0.455273 0.025758 0.039492
0 0.825043 0.405312 0.017664 0.040215
