0 0.459234 0.505352 0.022688 0.027344
0 0.530594 0.538301 0.015656 0.022266
0 0.513984 0.526309 0.012156 0.025312
0 0.524656 0.482529 0.010875 0.023457
0 0.523312 0.442344 0.012938 0.023438
0 0.570086 0.379189 0.019578 0.020527
0 0.614281 0.320713 0.014063 0.021270
0 0.603625 0.292871 0.017000 0.026992
0 0.580000 0.280215 0.019969 0.022617
0 0.564742 0.262822 0.020797 0.030371
0 0.631062 0.274004 0.022719 0.019688
0 0.684703 0.079063 0.031094 0.016523
0 0.498648 0.198477 0.019797 0.023906
0 0.441453 0.122988 0.016875 0.022500
