0 0.825965 0.676963 0.016195 0.051387
0 0.551508 0.989233 0.017219 0.021533
0 0.447242 0.886479 0.041234 0.028818
0 0.461387 0.872632 0.032633 0.044209
0 0.609152 0.859565 0.034164 0.045752
0 0.777219 0.848608 0.017250 0.031514
0 0.794246 0.837192 0.014742 0.033662
0 0.811098 0.974365 0.033867 0.043730
0 0.808008 0.955361 0.023484 0.045586
0 0.944184 0.919985 0.018477 0.049678
0 0.910625 0.931035 0.027172 0.025020
0 0.914340 0.908291 0.020758 0.035273
0 0.904988 0.873696 0.039977 0.035908
0 0.891449 0.800391 0.028211 0.032832
0 0.826430 0.773828 0.015594 0.047520
0 0.786230 0.705342 0.025555 0.039980
0 0.837719 0.662974 0.022625 0.045381
0 0.799988 0.643398 0.013727 0.038262
0 0.823930 0.635801 0.024984 0.050488
0 0.816457 0.609507 0.027555 0.041670
0 0.832152 0.556914 0.020070 0.041133
