0 0.092992 0.170337 0.017359 0.059482
0 0.046996 0.461899 0.021367 0.042822
0 0.040949 0.516572 0.033461 0.023184
0 0.078777 0.580059 0.024523 0.038633
0 0.082137 0.599795 0.034602 0.042832
0 0.188625 0.478237 0.044000 0.042412
0 0.179219 0.536177 0.029219 0.031494
0 0.183250 0.563262 0.030563 0.024355
0 0.212641 0.546465 0.018813 0.056270
0 0.151859 0.410625 0.031719 0.049570
0 0.086848 0.291421 0.014695 0.044033
0 0.065152 0.354111 0.034758 0.054531
0 0.074359 0.295796 0.018563 0.043311
0 0.047562 0.300615 0.023234 0.041992
0 0.057918 0.264927 0.020430 0.027295
0 0.072137 0.220552 0.019320 0.052842
