0 0.455438 0.123262 0.020094 0.026328
0 0.083664 0.919941 0.010703 0.021562
0 0.133070 0.960254 0.012016 0.016406
0 0.191945 0.908340 0.016516 0.017578
0 0.120133 0.871084 0.015516 0.017441
0 0.158430 0.821211 0.014859 0.020313
0 0.180922 0.787246 0.013156 0.034453
0 0.171437 0.759688 0.019312 0.032344
0 0.129344 0.783594 0.009750 0.020625
0 0.105250 0.769414 0.008438 0.021328
0 0.556937 0.033604 0.022031 0.022676
0 0.553930 0.082363 0.019453 0.022266
0 0.086289 0.952520 0.011078 0.024844
0 0.475695 0.027168 0.021422 0.012109
0 0.472141 0.006016 0.016312 0.012031
0 0.399859 0.012139 0.012750 0.017598
0 0.384391 0.009766 0.011437 0.019531
0 0.199711 0.301826 0.020516 0.017598
0 0.257078 0.232471 0.010531 0.028730
0 0.243180 0.293896 0.017828 0.016582
0 0.256953 0.368477 0.009719 0.013867
0 0.288266 0.355996 0.011344 0.017930
0 0.267750 0.363760 0.011875 0.011855
0 0.314852 0.267402 0.015953 0.016914
0 0.345508 0.220146 0.010266 0.018262
0 0.364813 0.201104 0.008375 0.021270
0 0.404773 0.248340 0.022953 0.021289
0 0.450125 0.293730 0.012688 0.019609
0 0.080008 0.989268 0.013141 0.021465
