1 0.425137 0.729746 0.028195 0.065566
1 0.359992 0.751948 0.027641 0.053584
1 0.330379 0.825620 0.031586 0.040186
1 0.361965 0.822451 0.030461 0.038066
1 0.395242 0.811880 0.028203 0.040889
1 0.419496 0.824214 0.032711 0.027490
1 0.397781 0.854883 0.038922 0.039473
1 0.344762 0.870039 0.033273 0.057109
1 0.406805 0.950762 0.044563 0.029609
1 0.442340 0.908110 0.032148 0.038779
1 0.546398 0.898594 0.023687 0.038066
1 0.104777 0.976147 0.031586 0.046533
5 0.859992 0.689199 0.054141 0.036660
5 0.887629 0.675459 0.054148 0.028906
5 0.884523 0.650781 0.058094 0.027500
5 0.884527 0.624692 0.056961 0.038779
5 0.943184 0.580273 0.032148 0.058516
5 0.986398 0.620820 0.027203 0.042305
