5 0.872117 0.324004 0.035531 0.078965
5 0.900316 0.282056 0.055836 0.031729
5 0.894680 0.257729 0.062609 0.031025
5 0.898348 0.228120 0.048508 0.033838
5 0.951363 0.196406 0.031586 0.053555
5 0.992320 0.228823 0.015359 0.023975
1 0.094906 0.613765 0.033281 0.053584
1 0.410191 0.565825 0.042305 0.026787
1 0.454746 0.522817 0.044555 0.035244
1 0.554293 0.491089 0.032711 0.054990
1 0.403988 0.462539 0.043430 0.034551
1 0.347582 0.483691 0.037789 0.058516
1 0.336023 0.433633 0.034969 0.048652
1 0.369582 0.425527 0.036664 0.043711
1 0.400320 0.417773 0.029328 0.043711
1 0.424289 0.430459 0.041172 0.031016
1 0.366762 0.353262 0.033273 0.057109
1 0.433879 0.332109 0.029898 0.066973
