0 0.203570 0.675254 0.039641 0.045352
0 0.192488 0.735513 0.028211 0.034854
0 0.197859 0.760703 0.030906 0.022246
0 0.226414 0.747686 0.018813 0.060039
0 0.164180 0.612217 0.030234 0.046543
0 0.075180 0.559253 0.033125 0.048408
0 0.069723 0.462153 0.034055 0.031494
0 0.082109 0.498018 0.022391 0.045195
0 0.095523 0.492183 0.017500 0.058018
0 0.055516 0.504141 0.029391 0.034121
0 0.096070 0.791982 0.034953 0.040312
0 0.093223 0.770781 0.027883 0.038203
0 0.054191 0.707290 0.031914 0.024150
0 0.059738 0.656416 0.022117 0.041289
0 0.079836 0.415107 0.020719 0.052480
0 0.100129 0.363667 0.018758 0.060186
