0 0.853273 0.903066 0.017547 0.023945
0 0.920195 0.659629 0.018359 0.021602
0 0.826242 0.678867 0.019453 0.016875
0 0.820977 0.748721 0.015922 0.027676
0 0.904805 0.780283 0.022141 0.026660
0 0.665484 0.966016 0.015125 0.012148
0 0.724211 0.889736 0.011609 0.018887
0 0.708281 0.954873 0.017000 0.012168
0 0.725562 0.943066 0.015937 0.012148
0 0.775914 0.927031 0.014578 0.016523
0 0.804937 0.879775 0.014313 0.021934
0 0.822625 0.861387 0.012969 0.021602
0 0.889719 0.931748 0.018625 0.021934
0 0.950852 0.598203 0.013766 0.024297
0 0.991148 0.679883 0.017703 0.021602
0 0.987430 0.728652 0.015109 0.020586
