0 0.722984 0.888291 0.009844 0.016426
0 0.723844 0.942686 0.014375 0.013887
0 0.708766 0.952354 0.015469 0.012129
0 0.666891 0.961436 0.012031 0.011543
0 0.904539 0.778428 0.021609 0.028340
0 0.827586 0.674502 0.018891 0.019316
0 0.819898 0.746094 0.012141 0.024648
0 0.950039 0.597090 0.011078 0.023633
0 0.920453 0.657021 0.015156 0.017988
0 0.989875 0.680654 0.020250 0.021895
0 0.987633 0.724316 0.015797 0.016992
0 0.890297 0.930039 0.016500 0.026484
0 0.853734 0.902148 0.019500 0.025078
0 0.821656 0.860264 0.013438 0.018574
0 0.804391 0.877646 0.012344 0.020137
0 0.776031 0.924229 0.015625 0.016816
