0 0.952219 0.577715 0.014250 0.024687
0 0.990141 0.661943 0.019719 0.024746
0 0.989352 0.706074 0.013609 0.019883
0 0.921797 0.638037 0.015875 0.023926
0 0.891320 0.916182 0.017359 0.025723
0 0.907023 0.760674 0.018891 0.026660
0 0.820102 0.727363 0.012172 0.024297
0 0.827398 0.656377 0.016734 0.019277
0 0.857297 0.884697 0.020219 0.026230
0 0.779336 0.908018 0.015172 0.020410
0 0.806750 0.860664 0.014781 0.021914
0 0.823273 0.840010 0.014391 0.024355
0 0.667750 0.947686 0.016344 0.024785
0 0.709969 0.934141 0.017500 0.016641
0 0.725688 0.924824 0.015875 0.014219
0 0.725250 0.869492 0.013219 0.017500
