0 0.735555 0.771143 0.021766 0.019980
0 0.757500 0.755107 0.012875 0.029707
0 0.672359 0.713340 0.019094 0.021875
0 0.665828 0.698584 0.019313 0.017832
0 0.732578 0.691602 0.015469 0.016406
0 0.714508 0.704043 0.018766 0.028516
0 0.728484 0.647324 0.010156 0.017578
0 0.813594 0.623242 0.012500 0.025391
0 0.830641 0.603945 0.014844 0.024219
0 0.866930 0.652090 0.022828 0.029102
0 0.857078 0.410078 0.016125 0.021094
0 0.843766 0.409609 0.011625 0.023906
0 0.830078 0.409727 0.017250 0.017109
0 0.871891 0.439375 0.013125 0.022500
0 0.822438 0.474023 0.011625 0.019922
0 0.992563 0.472910 0.014313 0.021289
0 0.993648 0.422451 0.012703 0.022324
0 0.953266 0.335693 0.012312 0.022676
0 0.946453 0.305723 0.011656 0.025117
0 0.910359 0.520977 0.018656 0.027695
