0 0.488805 0.915234 0.014234 0.040234
0 0.477910 0.924541 0.012992 0.048496
0 0.523598 0.853726 0.031820 0.021357
0 0.508418 0.836152 0.014258 0.057461
0 0.521254 0.821694 0.012602 0.037080
0 0.541641 0.818354 0.016328 0.051533
0 0.435645 0.691431 0.040602 0.023252
0 0.448684 0.673296 0.033320 0.039775
0 0.599844 0.660073 0.034344 0.051572
0 0.808328 0.784482 0.033453 0.044492
0 0.807793 0.767681 0.019930 0.040713
0 0.942641 0.730498 0.025625 0.054746
0 0.911676 0.743179 0.026695 0.024932
0 0.913363 0.720610 0.020820 0.032705
0 0.903840 0.683452 0.037727 0.030947
0 0.771984 0.652769 0.016469 0.030967
0 0.789492 0.641689 0.014328 0.033906
0 0.820328 0.575425 0.016688 0.042959
0 0.888621 0.605537 0.026680 0.032715
0 0.779098 0.503452 0.025648 0.045186
0 0.831172 0.462495 0.020500 0.041396
0 0.819215 0.472905 0.015805 0.042471
0 0.793051 0.436064 0.015586 0.051016
0 0.815262 0.432744 0.023711 0.053926
0 0.806074 0.403511 0.024133 0.041377
0 0.822277 0.354180 0.018383 0.042715
