0 0.990477 0.681396 0.019047 0.023301
0 0.950437 0.599551 0.011344 0.019570
0 0.921141 0.659287 0.012688 0.017559
0 0.904672 0.780449 0.021875 0.029023
0 0.827055 0.678359 0.017828 0.017891
0 0.819219 0.749072 0.011875 0.025645
0 0.723789 0.889912 0.010297 0.019238
0 0.776305 0.924668 0.013797 0.019922
0 0.803578 0.879111 0.014875 0.021934
0 0.823148 0.863408 0.008672 0.018887
0 0.852039 0.903750 0.020016 0.025312
0 0.889844 0.933613 0.015687 0.022266
0 0.986484 0.728477 0.015938 0.020234
0 0.723648 0.943232 0.018641 0.017207
0 0.708125 0.953564 0.014063 0.016113
0 0.667359 0.964824 0.016781 0.011133
