5 0.856047 0.742432 0.057531 0.031719
5 0.880297 0.729390 0.057531 0.022568
5 0.883117 0.701890 0.056406 0.025381
5 0.883117 0.674395 0.058656 0.028203
5 0.940648 0.636328 0.033844 0.060625
5 0.984422 0.673691 0.031156 0.038066
1 0.424570 0.783677 0.023688 0.069092
1 0.360273 0.807646 0.029328 0.050762
1 0.330383 0.879556 0.030453 0.040889
1 0.343633 0.922563 0.034406 0.062041
1 0.362246 0.877441 0.033273 0.043711
1 0.393551 0.867925 0.032711 0.050049
1 0.396656 0.910581 0.041172 0.040889
1 0.418648 0.876387 0.038922 0.027500
1 0.440363 0.964160 0.042867 0.035254
1 0.544707 0.951826 0.024820 0.030313
1 0.404551 0.994419 0.036664 0.011162
