0 0.399828 0.781230 0.019500 0.021562
0 0.242117 0.820068 0.021078 0.024512
0 0.265609 0.887188 0.018125 0.016211
0 0.286148 0.874395 0.013297 0.027344
0 0.350359 0.612393 0.010344 0.029277
0 0.449156 0.651221 0.022969 0.021113
0 0.548453 0.610303 0.019375 0.022871
0 0.553922 0.558057 0.021250 0.022676
0 0.467750 0.554834 0.025156 0.016230
0 0.467047 0.525645 0.020938 0.022656
0 0.406734 0.570166 0.010313 0.019160
0 0.258539 0.808770 0.020828 0.017578
0 0.394617 0.537852 0.021734 0.021289
0 0.501062 0.462031 0.013813 0.027539
0 0.314703 0.794004 0.010875 0.014766
0 0.252914 0.762715 0.009953 0.027188
0 0.341047 0.751113 0.012562 0.024609
0 0.360352 0.736582 0.011828 0.020391
