1 0.095469 0.775923 0.036656 0.053584
1 0.406242 0.738906 0.038922 0.028906
1 0.450520 0.695903 0.043992 0.033135
1 0.548656 0.668403 0.033844 0.048643
1 0.345047 0.650781 0.034969 0.057109
1 0.333199 0.606011 0.032711 0.039482
1 0.362812 0.596489 0.034406 0.040186
1 0.398348 0.632095 0.043430 0.038076
1 0.420062 0.600371 0.034969 0.019746
1 0.395246 0.591558 0.031586 0.040186
1 0.361684 0.525288 0.029898 0.055693
1 0.428238 0.502017 0.025383 0.061338
5 0.863937 0.482983 0.040609 0.068389
5 0.898062 0.450557 0.053578 0.027500
5 0.891578 0.426938 0.063172 0.026787
5 0.893270 0.396621 0.056398 0.031016
5 0.950797 0.358193 0.030453 0.058516
5 0.990629 0.399438 0.018742 0.042295
