5 0.878887 0.220703 0.044555 0.079688
1 0.098570 0.502021 0.034969 0.050059
1 0.413574 0.452671 0.050195 0.026084
1 0.459824 0.407900 0.047945 0.035254
1 0.558805 0.375825 0.029328 0.054287
1 0.351531 0.368770 0.036656 0.057109
1 0.340531 0.318364 0.040609 0.046533
1 0.370145 0.310610 0.036664 0.039482
1 0.406523 0.345859 0.045125 0.035254
1 0.429367 0.316250 0.042297 0.028203
1 0.405680 0.302852 0.034406 0.042305
1 0.370145 0.239048 0.032148 0.059932
1 0.438957 0.219658 0.020867 0.064863
5 0.901992 0.175562 0.052062 0.022334
5 0.890258 0.153228 0.062531 0.036553
5 0.897973 0.120742 0.050352 0.034512
5 0.951535 0.087236 0.027695 0.058887
5 0.992438 0.126831 0.015125 0.030459
