0 0.315437 0.606963 0.015313 0.022285
0 0.699969 0.095684 0.014531 0.025586
0 0.252352 0.694688 0.015953 0.013867
0 0.265656 0.658203 0.017813 0.025195
0 0.340047 0.637480 0.020250 0.017383
0 0.219086 0.792178 0.013172 0.034395
0 0.466250 0.171484 0.015625 0.031250
0 0.463789 0.609824 0.015766 0.030273
0 0.667625 0.106777 0.021563 0.019727
0 0.628094 0.074736 0.027188 0.013496
0 0.685281 0.057549 0.018125 0.013496
0 0.442227 0.663398 0.017266 0.013359
0 0.274375 0.698682 0.009687 0.019160
0 0.717859 0.108770 0.009063 0.014258
0 0.724422 0.091191 0.013438 0.011523
0 0.718094 0.093926 0.010156 0.018555
