0 0.736023 0.629355 0.024297 0.022227
0 0.759508 0.610732 0.012828 0.028965
0 0.671195 0.566709 0.019797 0.022520
0 0.665570 0.554756 0.017547 0.017754
0 0.710234 0.565029 0.013719 0.018027
0 0.731164 0.547041 0.017328 0.017441
0 0.726453 0.498691 0.010125 0.023906
0 0.783047 0.529482 0.011250 0.017988
0 0.864805 0.514609 0.014609 0.019570
0 0.832102 0.461143 0.012141 0.018223
0 0.989687 0.337285 0.020625 0.023516
0 0.991469 0.287881 0.017062 0.033262
0 0.869555 0.297822 0.011578 0.020332
0 0.855180 0.269023 0.020641 0.024023
0 0.840336 0.267852 0.010328 0.024414
0 0.826984 0.265703 0.017344 0.019727
0 0.923523 0.286719 0.021391 0.019688
0 0.946398 0.195664 0.009891 0.015469
0 0.694937 0.854648 0.032406 0.021641
0 0.908742 0.381182 0.017828 0.027988
0 0.812258 0.474355 0.010141 0.015508
