0 0.039141 0.269932 0.020531 0.045781
0 0.032336 0.324004 0.033047 0.025762
0 0.065906 0.383804 0.022031 0.035439
0 0.072305 0.403345 0.034500 0.044951
0 0.170195 0.336323 0.026125 0.034111
0 0.171711 0.361841 0.029625 0.019834
0 0.201453 0.343320 0.019125 0.050449
0 0.176328 0.280630 0.036859 0.044619
0 0.144184 0.212949 0.031492 0.051035
0 0.081262 0.099536 0.012633 0.043135
0 0.068871 0.102163 0.017008 0.045967
0 0.051172 0.150542 0.027812 0.058643
0 0.046824 0.100063 0.015227 0.044346
0 0.091488 0.006689 0.011898 0.013379
0 0.071938 0.033350 0.017500 0.050449
