0 0.185449 0.635728 0.028773 0.031104
0 0.095711 0.266396 0.017031 0.062695
0 0.217426 0.648965 0.021195 0.059531
0 0.076230 0.316846 0.019133 0.053945
0 0.063656 0.365454 0.032187 0.035342
0 0.076812 0.396426 0.022672 0.041992
0 0.070656 0.417070 0.013719 0.037793
0 0.049801 0.404824 0.024633 0.037793
0 0.189918 0.663667 0.029555 0.022842
0 0.053242 0.561099 0.021000 0.044092
0 0.070820 0.455767 0.030562 0.052197
0 0.195980 0.577187 0.041992 0.045488
0 0.089832 0.397998 0.014555 0.059844
0 0.157211 0.511582 0.031078 0.048633
0 0.088109 0.696558 0.037484 0.041826
0 0.085285 0.676660 0.024586 0.040312
0 0.045988 0.611401 0.033055 0.023682
