1 0.419496 0.767104 0.039477 0.026084
5 0.946852 0.526343 0.028203 0.060635
5 0.987242 0.562300 0.025516 0.038076
5 0.888758 0.564063 0.059781 0.030312
5 0.887910 0.592261 0.060352 0.026084
5 0.890168 0.619761 0.053586 0.031729
5 0.861965 0.636675 0.059227 0.047236
1 0.425137 0.671934 0.027070 0.065566
1 0.358582 0.695898 0.027070 0.057109
1 0.359992 0.766406 0.036656 0.037363
1 0.395523 0.756533 0.028766 0.048652
1 0.332637 0.769580 0.033836 0.043711
1 0.345891 0.815405 0.034406 0.062041
1 0.397781 0.801304 0.043422 0.040889
1 0.444031 0.858057 0.038922 0.030312
1 0.546117 0.839370 0.028766 0.046533
1 0.407934 0.895771 0.047945 0.036660
1 0.101391 0.927148 0.032719 0.057109
