1 0.093777 0.669814 0.040039 0.055703
1 0.407934 0.623989 0.045680 0.030322
1 0.452492 0.580278 0.045687 0.034541
1 0.553730 0.551724 0.028195 0.053584
1 0.346172 0.539736 0.036094 0.059219
1 0.402574 0.519292 0.042867 0.038076
1 0.422879 0.485801 0.037227 0.021855
1 0.400035 0.474170 0.033273 0.042305
1 0.337148 0.491445 0.034969 0.043008
1 0.367891 0.485801 0.035531 0.035957
1 0.363094 0.410723 0.032719 0.059219
1 0.431625 0.387803 0.028766 0.065566
5 0.865914 0.377588 0.034406 0.078965
5 0.898910 0.335986 0.056398 0.031016
5 0.893832 0.313779 0.060914 0.028906
5 0.896934 0.283110 0.054711 0.032432
5 0.951926 0.253149 0.027070 0.069795
5 0.992602 0.288047 0.014797 0.038066
