0 0.116492 0.973325 0.035969 0.036201
0 0.110262 0.561519 0.018195 0.056338
0 0.092141 0.611772 0.019828 0.047822
0 0.116051 0.629409 0.006992 0.018369
0 0.079855 0.659873 0.031430 0.034219
0 0.096379 0.693691 0.022352 0.041914
0 0.107633 0.685586 0.015391 0.056094
0 0.069727 0.699463 0.029000 0.033613
0 0.093719 0.760815 0.036937 0.049814
0 0.125309 0.732671 0.010367 0.014580
0 0.077168 0.845898 0.023180 0.038633
0 0.073809 0.891250 0.030570 0.019316
0 0.178469 0.807134 0.032078 0.040342
0 0.220875 0.865093 0.034937 0.046611
0 0.243031 0.943193 0.020219 0.068770
0 0.209590 0.923506 0.029164 0.030859
0 0.212023 0.949268 0.025078 0.021621
0 0.113480 0.951333 0.026055 0.028193
