0 0.757141 0.855313 0.012594 0.029805
0 0.733820 0.871348 0.023797 0.022227
0 0.864922 0.755576 0.021938 0.027480
0 0.813109 0.729043 0.012656 0.022227
0 0.829664 0.708047 0.013109 0.022227
0 0.913484 0.621592 0.020531 0.021582
0 0.873633 0.544277 0.010641 0.023086
0 0.831648 0.515234 0.017359 0.016797
0 0.955937 0.437197 0.014000 0.023105
0 0.673391 0.816709 0.016719 0.020410
0 0.717266 0.802637 0.013594 0.017383
0 0.730992 0.794316 0.015578 0.013828
0 0.784633 0.773008 0.013297 0.017383
0 0.993984 0.569600 0.012031 0.021348
0 0.993234 0.527529 0.013531 0.022051
