0 0.602359 0.747324 0.009375 0.015430
0 0.569469 0.710801 0.021719 0.031836
0 0.573672 0.821484 0.016406 0.017969
0 0.820156 0.130586 0.013312 0.021797
0 0.804000 0.147754 0.012563 0.020664
0 0.719711 0.155986 0.011484 0.031777
0 0.708578 0.218564 0.020250 0.024746
0 0.665594 0.223350 0.019344 0.019121
0 0.660422 0.210264 0.015750 0.014902
0 0.731641 0.288379 0.022031 0.018555
0 0.754812 0.272734 0.015000 0.032812
0 0.626281 0.279062 0.013687 0.024844
0 0.778922 0.189180 0.012531 0.014766
0 0.533938 0.968574 0.012812 0.020117
0 0.519406 0.957637 0.016875 0.025586
0 0.465656 0.943867 0.021250 0.027344
0 0.695273 0.518486 0.029516 0.016230
0 0.631305 0.529717 0.011984 0.022676
