0 0.076563 0.609941 0.029672 0.029746
0 0.107637 0.512139 0.021273 0.058086
0 0.088320 0.564805 0.020719 0.054238
0 0.112395 0.577769 0.006805 0.015068
0 0.104543 0.636484 0.014898 0.057910
0 0.092473 0.644380 0.022836 0.044541
0 0.064207 0.652178 0.027539 0.033418
0 0.087605 0.709619 0.038680 0.053945
0 0.121332 0.685073 0.010883 0.014092
0 0.072867 0.799897 0.022937 0.039854
0 0.068687 0.846187 0.031688 0.025518
0 0.107199 0.907373 0.027211 0.033594
0 0.110559 0.928579 0.034602 0.038213
0 0.175219 0.758311 0.032922 0.042832
0 0.216371 0.817729 0.036617 0.043252
0 0.204723 0.877759 0.028352 0.030986
0 0.210066 0.902871 0.029320 0.021660
0 0.238906 0.890723 0.019922 0.060137
