0 0.829516 0.506812 0.018812 0.039541
0 0.515910 0.969116 0.015164 0.040869
0 0.528832 0.966060 0.012383 0.035771
0 0.811191 0.926787 0.032930 0.045156
0 0.912465 0.884731 0.026445 0.024893
0 0.607141 0.811304 0.033516 0.045010
0 0.912590 0.865034 0.023477 0.042959
0 0.905031 0.827935 0.037781 0.031572
0 0.548285 0.961440 0.014742 0.051436
0 0.942438 0.870752 0.023609 0.053164
0 0.793129 0.789287 0.015133 0.033594
0 0.776043 0.798740 0.016555 0.028477
0 0.809469 0.909048 0.021000 0.041396
0 0.443227 0.841089 0.041516 0.022334
0 0.457684 0.823623 0.031680 0.041895
0 0.527328 0.993574 0.035047 0.012852
0 0.890340 0.751050 0.027820 0.035615
0 0.824910 0.725347 0.015133 0.043936
0 0.784949 0.655195 0.025289 0.040469
0 0.836391 0.613828 0.020641 0.042715
0 0.825359 0.626953 0.015656 0.044043
0 0.818875 0.585908 0.017281 0.049609
0 0.798934 0.589473 0.016195 0.047383
0 0.814578 0.554746 0.027562 0.036309
