0 0.473012 0.827515 0.012305 0.050615
0 0.482918 0.818911 0.012898 0.042822
0 0.519387 0.754736 0.029742 0.021172
0 0.503219 0.735356 0.013172 0.057842
0 0.516105 0.719722 0.011570 0.038037
0 0.537195 0.717275 0.016016 0.051387
0 0.940750 0.631504 0.025656 0.055098
0 0.910219 0.644561 0.026844 0.024844
0 0.912062 0.623887 0.020328 0.039668
0 0.807340 0.686514 0.032258 0.042188
0 0.805480 0.670220 0.019914 0.044189
0 0.429074 0.586558 0.041023 0.024346
0 0.442926 0.570718 0.031773 0.037451
0 0.595219 0.554424 0.033766 0.057930
0 0.768211 0.552705 0.016312 0.032070
0 0.785297 0.540698 0.013797 0.035615
0 0.901020 0.583491 0.038461 0.028252
0 0.884672 0.501143 0.027406 0.038945
0 0.816070 0.473784 0.016906 0.040732
0 0.775219 0.398242 0.024984 0.053145
0 0.825937 0.360522 0.022641 0.040068
0 0.813340 0.368799 0.017508 0.037402
0 0.810000 0.330366 0.023359 0.056240
0 0.788555 0.335054 0.016734 0.054521
0 0.800090 0.299473 0.025086 0.040938
0 0.815199 0.255234 0.019133 0.042637
