0 0.891707 0.846548 0.027570 0.038174
0 0.449023 0.934478 0.043313 0.028506
0 0.464016 0.920000 0.034594 0.044531
0 0.611633 0.907349 0.034594 0.044209
0 0.810035 0.988442 0.025555 0.023115
0 0.778512 0.894990 0.016633 0.032324
0 0.794961 0.884224 0.014484 0.032334
0 0.940887 0.961489 0.021555 0.051553
0 0.911684 0.972993 0.025836 0.025479
0 0.904613 0.919976 0.036289 0.034639
0 0.912742 0.953525 0.020797 0.035918
0 0.788211 0.754316 0.025219 0.039980
0 0.826809 0.726445 0.016305 0.045742
0 0.839879 0.710874 0.021523 0.047666
0 0.826285 0.821626 0.016305 0.045361
0 0.826965 0.688003 0.022758 0.044209
0 0.803742 0.691270 0.015687 0.042285
0 0.818934 0.657412 0.029680 0.035508
0 0.833965 0.607729 0.019258 0.040576
