5 0.890621 0.073022 0.060180 0.064971
5 0.908531 0.024839 0.063344 0.049678
5 0.876859 0.019761 0.040609 0.039521
1 0.102359 0.335459 0.034109 0.051777
1 0.418297 0.279116 0.047109 0.028428
1 0.463375 0.237495 0.047922 0.032490
1 0.562824 0.203481 0.030945 0.053799
1 0.356938 0.196885 0.035000 0.056855
1 0.411758 0.175562 0.043937 0.034521
1 0.432875 0.145610 0.042312 0.031475
1 0.410543 0.134951 0.035008 0.050762
1 0.442215 0.050181 0.025258 0.059893
1 0.376027 0.074546 0.029320 0.059893
1 0.347234 0.148154 0.034922 0.050762
1 0.378090 0.143584 0.034914 0.031465
