0 0.260922 0.603809 0.021062 0.021094
0 0.180195 0.973789 0.019609 0.032070
0 0.286133 0.589570 0.013766 0.028008
0 0.254031 0.470938 0.010531 0.029023
0 0.343016 0.456094 0.009719 0.021289
0 0.363000 0.439746 0.009719 0.020937
0 0.402289 0.487314 0.020797 0.022988
0 0.447383 0.532373 0.013234 0.019277
0 0.556430 0.260840 0.022422 0.023281
0 0.471000 0.226348 0.019719 0.025977
0 0.470867 0.257559 0.024297 0.014844
0 0.409844 0.272246 0.011875 0.017891
0 0.551047 0.314639 0.021625 0.024980
0 0.043789 0.918525 0.021391 0.017832
0 0.024508 0.854131 0.017172 0.011348
0 0.451203 0.356797 0.018000 0.016055
0 0.354930 0.313330 0.012578 0.027441
