0 0.991336 0.677471 0.017328 0.024785
0 0.666656 0.959365 0.016875 0.016191
0 0.709875 0.949639 0.015188 0.012207
0 0.726562 0.938750 0.013687 0.014766
0 0.723563 0.886016 0.012938 0.016641
0 0.776062 0.921797 0.016312 0.020547
0 0.803937 0.876338 0.012187 0.020332
0 0.890469 0.929668 0.017188 0.022852
0 0.854695 0.899609 0.019547 0.024023
0 0.823055 0.857129 0.012828 0.019922
0 0.819844 0.743457 0.011875 0.025195
0 0.827688 0.674482 0.016875 0.017207
0 0.905813 0.776240 0.020313 0.028926
0 0.922781 0.653721 0.016125 0.020176
0 0.952000 0.595107 0.012656 0.022480
