0 0.446031 0.674287 0.014625 0.020527
0 0.401258 0.633779 0.021828 0.023340
0 0.361187 0.584277 0.012406 0.025586
0 0.341609 0.601719 0.011500 0.021641
0 0.312023 0.650234 0.013078 0.018555
0 0.285891 0.730225 0.013281 0.029316
0 0.262297 0.743604 0.019844 0.017402
0 0.241578 0.671230 0.018375 0.020156
0 0.257508 0.664082 0.015766 0.014297
0 0.252547 0.613926 0.011437 0.030703
0 0.550297 0.459102 0.019313 0.023906
0 0.555266 0.407070 0.019125 0.023438
0 0.470609 0.402949 0.023813 0.012852
0 0.469016 0.372383 0.019875 0.022969
0 0.352219 0.461260 0.009844 0.021113
0 0.033258 0.980352 0.020047 0.010938
0 0.454227 0.497686 0.021859 0.018848
