0 0.458930 0.298652 0.023328 0.026289
0 0.558641 0.385293 0.018000 0.022773
0 0.530508 0.335645 0.015297 0.020820
0 0.515203 0.323516 0.012594 0.025234
0 0.525000 0.276729 0.012375 0.030098
0 0.524547 0.238477 0.011031 0.023359
0 0.645875 0.215879 0.017281 0.018555
0 0.561187 0.066094 0.021062 0.033750
0 0.576844 0.083818 0.018906 0.023965
0 0.601273 0.096309 0.019172 0.023281
0 0.629758 0.079434 0.024297 0.020586
0 0.613289 0.123652 0.016203 0.020586
0 0.474289 0.163359 0.027859 0.014180
0 0.569867 0.180176 0.016203 0.018633
