0 0.126875 0.951865 0.016875 0.014902
0 0.088516 0.993301 0.014406 0.013398
0 0.162344 0.904463 0.014844 0.019707
0 0.183039 0.872539 0.013953 0.031797
0 0.173687 0.845684 0.020500 0.030977
0 0.109398 0.854912 0.008109 0.020527
0 0.262188 0.456465 0.023812 0.019688
0 0.286375 0.444160 0.014813 0.029766
0 0.197547 0.394707 0.019438 0.016563
0 0.237891 0.391777 0.015781 0.014102
0 0.254602 0.325957 0.010797 0.030078
0 0.344242 0.311787 0.010266 0.019277
0 0.363812 0.291035 0.008906 0.018867
0 0.403891 0.340654 0.023250 0.023613
0 0.312773 0.359893 0.015953 0.018887
0 0.551180 0.171270 0.022516 0.026719
0 0.557273 0.119824 0.021578 0.022734
0 0.473930 0.114785 0.026266 0.015000
0 0.473188 0.087588 0.020250 0.025332
0 0.506656 0.028916 0.016656 0.024746
0 0.364883 0.100273 0.017766 0.010977
0 0.400648 0.099141 0.022734 0.016602
0 0.454102 0.212852 0.022172 0.025742
0 0.447969 0.387861 0.015469 0.024043
0 0.195852 0.988564 0.017578 0.017441
