0 0.410023 0.057578 0.018891 0.018008
0 0.169281 0.570986 0.020250 0.030254
0 0.177344 0.596416 0.013500 0.036113
0 0.154625 0.635078 0.013719 0.021680
0 0.114711 0.689629 0.014297 0.017539
0 0.185586 0.728105 0.018359 0.020234
0 0.126281 0.785312 0.015156 0.019570
0 0.079438 0.780928 0.012188 0.028340
0 0.074859 0.743467 0.010531 0.023613
0 0.025047 0.804209 0.011875 0.027676
0 0.070406 0.820078 0.011875 0.018906
0 0.083906 0.830371 0.012969 0.020586
0 0.268289 0.172168 0.017828 0.018281
0 0.291617 0.156191 0.011984 0.028359
0 0.250469 0.102715 0.015219 0.018672
0 0.265539 0.094229 0.016203 0.012949
0 0.206734 0.110840 0.018469 0.015391
0 0.263281 0.039180 0.011813 0.022266
0 0.351070 0.034932 0.011703 0.016035
0 0.369750 0.014824 0.009906 0.014609
0 0.451422 0.102295 0.014844 0.020801
0 0.185000 0.383291 0.025187 0.014590
