0 0.454562 0.451992 0.018469 0.016914
0 0.550406 0.411113 0.016875 0.023008
0 0.556406 0.359316 0.019500 0.023008
0 0.469586 0.355918 0.023266 0.016211
0 0.469781 0.325098 0.022875 0.024414
0 0.408672 0.371777 0.009844 0.017773
0 0.446063 0.629746 0.014813 0.024141
0 0.400969 0.586152 0.021750 0.024141
0 0.362344 0.534941 0.011625 0.017344
0 0.252281 0.566816 0.010875 0.029062
0 0.239625 0.629395 0.021562 0.022969
0 0.258000 0.618965 0.017063 0.016172
0 0.342938 0.554395 0.009937 0.020156
0 0.312563 0.604316 0.015187 0.021094
0 0.261375 0.699492 0.018938 0.018750
0 0.285273 0.686133 0.014641 0.029062
0 0.353078 0.412461 0.010906 0.025313
0 0.029422 0.941240 0.021250 0.011152
