1 0.457285 0.463599 0.045117 0.033838
1 0.097723 0.559482 0.031023 0.052168
1 0.412445 0.511895 0.043422 0.021855
1 0.557680 0.433633 0.030453 0.052871
1 0.348992 0.424468 0.034969 0.057100
1 0.405113 0.404375 0.042305 0.031016
1 0.337430 0.377231 0.035531 0.041592
1 0.368453 0.368774 0.035531 0.033135
1 0.403137 0.362075 0.032711 0.042295
1 0.426828 0.369829 0.039484 0.021143
1 0.435289 0.274297 0.027078 0.065566
1 0.366762 0.295449 0.032148 0.058516
5 0.876348 0.271831 0.039477 0.081787
5 0.902012 0.226709 0.053586 0.029609
5 0.892984 0.202739 0.064859 0.028193
5 0.899555 0.173022 0.048813 0.031475
5 0.952391 0.141045 0.035734 0.060918
5 0.990812 0.193330 0.018375 0.059902
