0 0.991719 0.671406 0.016563 0.024961
0 0.822188 0.738301 0.011250 0.024609
0 0.907711 0.770156 0.020016 0.030078
0 0.807266 0.870400 0.012969 0.021465
0 0.826383 0.851982 0.010359 0.021855
0 0.857969 0.893896 0.019125 0.024707
0 0.892477 0.923662 0.015547 0.023496
0 0.779039 0.917090 0.013703 0.021406
0 0.727273 0.881094 0.009234 0.016914
0 0.730086 0.934521 0.013047 0.012402
0 0.671781 0.954199 0.013281 0.014336
0 0.712656 0.944092 0.015063 0.014082
0 0.923609 0.647334 0.017500 0.021465
0 0.954875 0.590234 0.013938 0.025508
0 0.829969 0.668916 0.016312 0.017129
