0 0.854828 0.128301 0.016875 0.016055
0 0.873281 0.082939 0.011031 0.019980
0 0.257570 0.982490 0.008297 0.018223
0 0.343453 0.973047 0.012719 0.022266
0 0.363180 0.958535 0.008922 0.022266
0 0.448062 0.884619 0.022625 0.024980
0 0.404219 0.995469 0.017562 0.009062
0 0.405039 0.804961 0.011109 0.016992
0 0.465820 0.791191 0.023578 0.016016
0 0.464805 0.763164 0.020922 0.022070
0 0.391203 0.774492 0.025000 0.018164
0 0.497234 0.701504 0.012563 0.029805
0 0.763367 0.097324 0.020641 0.024297
0 0.740820 0.066943 0.015203 0.021855
0 0.651023 0.032441 0.012047 0.034492
0 0.697109 0.073506 0.010781 0.031113
0 0.697469 0.151748 0.014813 0.023340
0 0.851898 0.152773 0.015953 0.012695
