0 0.613367 0.953838 0.034469 0.045781
0 0.836273 0.657627 0.020109 0.041113
0 0.823949 0.705991 0.029898 0.036572
0 0.803914 0.737153 0.018453 0.047412
0 0.827617 0.736030 0.023828 0.041318
0 0.840805 0.759893 0.022063 0.053184
0 0.826773 0.777515 0.021266 0.048369
0 0.789047 0.803237 0.025625 0.041006
0 0.827211 0.867935 0.015125 0.044072
0 0.891555 0.893564 0.025109 0.036953
0 0.903672 0.967764 0.035969 0.030918
0 0.937727 0.989033 0.019750 0.021934
0 0.796270 0.930815 0.017227 0.034248
0 0.778434 0.940234 0.015992 0.030020
0 0.466289 0.969189 0.034109 0.041348
0 0.453621 0.983594 0.043070 0.023438
