0 0.405844 0.854980 0.010937 0.019531
0 0.461625 0.842578 0.015312 0.013477
0 0.465219 0.814551 0.020000 0.019922
0 0.496391 0.754785 0.011719 0.027344
0 0.542250 0.891338 0.010625 0.017402
0 0.852336 0.201816 0.021859 0.016914
0 0.857703 0.177764 0.013500 0.016191
0 0.763359 0.149512 0.022719 0.028359
0 0.741898 0.114570 0.015953 0.025352
0 0.698555 0.201807 0.012984 0.031074
0 0.696523 0.126963 0.012953 0.023965
0 0.654141 0.083516 0.013250 0.030078
0 0.695586 0.157959 0.014609 0.024980
0 0.448250 0.933047 0.021937 0.025859
