0 0.045480 0.247012 0.015164 0.041699
0 0.061000 0.301392 0.033594 0.055400
0 0.044816 0.413906 0.019477 0.043672
0 0.038266 0.467446 0.033250 0.023096
0 0.150297 0.361206 0.029563 0.050811
0 0.183555 0.427974 0.041656 0.039053
0 0.075645 0.531318 0.026133 0.037910
0 0.078445 0.552749 0.035922 0.045205
0 0.175969 0.486704 0.029953 0.031494
0 0.181004 0.512949 0.029398 0.024492
0 0.209977 0.498247 0.019594 0.056689
0 0.085609 0.241611 0.017500 0.045488
5 0.930336 0.036006 0.023234 0.060879
0 0.056332 0.217988 0.018195 0.029160
0 0.073711 0.247153 0.017500 0.044912
0 0.064027 0.253130 0.008867 0.038779
0 0.071957 0.172856 0.019242 0.052979
0 0.093086 0.123892 0.017109 0.061240
