0 0.483023 0.597422 0.016703 0.028594
0 0.238875 0.775479 0.020063 0.041895
0 0.703547 0.047373 0.018438 0.013301
0 0.646641 0.063477 0.026094 0.011328
0 0.740211 0.081465 0.018453 0.013867
0 0.734508 0.096406 0.011422 0.019141
0 0.718570 0.086250 0.014234 0.023438
0 0.683180 0.096797 0.018766 0.019141
0 0.485234 0.160547 0.014531 0.030859
0 0.453633 0.679512 0.017734 0.016641
0 0.358633 0.626074 0.020266 0.020586
0 0.240336 0.569229 0.013984 0.031113
0 0.286867 0.606934 0.010641 0.028711
0 0.283883 0.646748 0.021766 0.033535
