0 0.757902 0.088276 0.015961 0.043428
0 0.741945 0.100869 0.016516 0.042031
0 0.573914 0.089180 0.025781 0.077715
0 0.419457 0.107939 0.030586 0.031914
0 0.403246 0.125918 0.036773 0.019863
0 0.490406 0.247739 0.025656 0.041436
0 0.489938 0.260854 0.009797 0.033271
0 0.513734 0.251816 0.016328 0.049023
0 0.490289 0.288706 0.037094 0.020732
0 0.458113 0.359961 0.014586 0.036875
0 0.446449 0.366646 0.012633 0.057939
0 0.788840 0.232944 0.021602 0.048623
0 0.782434 0.218364 0.016523 0.045713
0 0.917648 0.182944 0.028578 0.049346
0 0.887695 0.196240 0.026344 0.017852
0 0.888270 0.174370 0.019602 0.032900
0 0.875672 0.131504 0.036391 0.026250
0 0.857879 0.054263 0.024102 0.055186
0 0.786254 0.027007 0.016211 0.032061
