0 0.479977 0.770244 0.013234 0.040332
0 0.513371 0.704219 0.035789 0.020469
0 0.534195 0.666729 0.016922 0.051836
0 0.512402 0.668911 0.010977 0.039873
0 0.500906 0.678281 0.012312 0.043750
0 0.425836 0.536636 0.039688 0.021357
0 0.440520 0.519399 0.031680 0.036709
0 0.592656 0.503086 0.034187 0.061934
0 0.805543 0.637251 0.032586 0.041377
0 0.803406 0.619238 0.019422 0.044492
0 0.939977 0.582334 0.025969 0.056523
0 0.908926 0.595532 0.027305 0.024717
0 0.910727 0.572422 0.020609 0.040039
0 0.899508 0.533125 0.037672 0.030039
0 0.882875 0.451177 0.026266 0.040596
0 0.814215 0.424082 0.017086 0.041406
0 0.469852 0.778848 0.010859 0.051836
0 0.783520 0.489468 0.014008 0.035283
0 0.765547 0.501245 0.017812 0.037471
0 0.772508 0.345679 0.024781 0.058604
0 0.783414 0.285742 0.012906 0.051563
0 0.822715 0.310493 0.021508 0.039131
0 0.797207 0.249028 0.023727 0.040635
0 0.809645 0.276060 0.018602 0.052373
0 0.808695 0.318594 0.019906 0.037227
0 0.811707 0.205425 0.019398 0.040732
