0 0.046355 0.147803 0.013023 0.044473
0 0.092504 0.030820 0.017492 0.054434
0 0.071590 0.079229 0.017883 0.053457
0 0.053547 0.121318 0.018078 0.026484
0 0.062781 0.152905 0.010109 0.038643
0 0.070945 0.149990 0.015156 0.043496
0 0.082609 0.147681 0.014000 0.043252
0 0.052379 0.199609 0.029352 0.057109
0 0.040914 0.316235 0.020062 0.048408
0 0.034031 0.372510 0.032891 0.025078
0 0.070461 0.432881 0.026594 0.037441
0 0.073398 0.453882 0.033031 0.044443
0 0.145129 0.262744 0.030133 0.052246
0 0.178488 0.329497 0.037711 0.040576
0 0.172176 0.387168 0.026727 0.034629
0 0.174852 0.410654 0.029484 0.022480
0 0.203926 0.394150 0.019602 0.054277
