1 0.098570 0.878853 0.036094 0.054990
1 0.343637 0.764287 0.032148 0.057109
1 0.331227 0.718110 0.031016 0.038076
1 0.362812 0.711768 0.033281 0.036660
1 0.358867 0.639146 0.028766 0.052178
1 0.426828 0.614824 0.029328 0.066973
1 0.396090 0.698721 0.032148 0.044414
1 0.417801 0.711060 0.037227 0.021143
1 0.397781 0.746660 0.041172 0.041602
1 0.447695 0.804121 0.040609 0.031016
1 0.407090 0.847129 0.042867 0.033848
1 0.548090 0.783320 0.024820 0.043008
5 0.864504 0.586978 0.047383 0.053584
5 0.894398 0.561948 0.050766 0.023271
5 0.890168 0.538330 0.059227 0.031016
5 0.890168 0.505547 0.060352 0.027500
5 0.948258 0.471001 0.029891 0.059932
5 0.988652 0.506250 0.022695 0.034551
