0 0.775867 0.923066 0.017359 0.021094
0 0.668297 0.960312 0.013750 0.015039
0 0.709000 0.951133 0.014219 0.012695
0 0.724859 0.940684 0.014375 0.012891
0 0.723359 0.888281 0.011719 0.015234
0 0.804828 0.876230 0.013750 0.020508
0 0.822797 0.857383 0.012813 0.021094
0 0.854125 0.901816 0.019844 0.024414
0 0.890227 0.930586 0.015328 0.025391
0 0.905336 0.776855 0.020328 0.026367
0 0.819164 0.745313 0.011734 0.025000
0 0.826281 0.674834 0.015562 0.016191
0 0.921055 0.656602 0.014578 0.018633
0 0.951508 0.596475 0.011328 0.021465
0 0.990094 0.678477 0.019812 0.021875
0 0.987109 0.725254 0.015156 0.020664
