0 0.695695 0.810859 0.028453 0.019297
0 0.733711 0.582529 0.017828 0.020957
0 0.711609 0.517773 0.012438 0.016523
0 0.670391 0.519229 0.020219 0.022363
0 0.665141 0.507324 0.016719 0.019922
0 0.726383 0.449482 0.009328 0.024785
0 0.733047 0.499053 0.015469 0.015059
0 0.784117 0.483848 0.013922 0.021094
0 0.984922 0.300566 0.013063 0.021641
0 0.988414 0.248662 0.018203 0.025137
0 0.824422 0.221279 0.016781 0.016895
0 0.838180 0.222734 0.009797 0.024492
0 0.852563 0.223145 0.017438 0.021562
0 0.867844 0.253965 0.011250 0.017578
0 0.919031 0.241426 0.024375 0.020625
0 0.916125 0.215879 0.015187 0.019219
0 0.907992 0.333711 0.019766 0.027539
0 0.830398 0.418350 0.012297 0.014590
0 0.812227 0.433945 0.012641 0.023086
