0 0.049348 0.510986 0.021836 0.041562
0 0.094703 0.215918 0.018141 0.057949
0 0.073875 0.267759 0.020156 0.055049
0 0.062371 0.314893 0.028273 0.029746
0 0.047250 0.351812 0.022672 0.039893
0 0.066105 0.405869 0.034289 0.050156
0 0.069113 0.361782 0.015680 0.039893
0 0.074996 0.346582 0.021555 0.044141
0 0.086473 0.345684 0.014273 0.059844
0 0.043137 0.565698 0.031914 0.022256
0 0.153824 0.461226 0.031914 0.048291
0 0.190945 0.527363 0.045016 0.042832
0 0.082281 0.628628 0.025469 0.040576
0 0.083934 0.647944 0.035383 0.043252
0 0.181320 0.586431 0.028266 0.031846
0 0.186910 0.613374 0.031633 0.023447
0 0.214906 0.597798 0.019875 0.055986
