0 0.738363 0.052441 0.017492 0.040605
0 0.754305 0.040293 0.016719 0.044004
0 0.851961 0.017158 0.024969 0.034316
0 0.869762 0.085122 0.036789 0.027979
0 0.884270 0.126602 0.018289 0.033203
0 0.883676 0.147607 0.026086 0.017090
0 0.913672 0.135835 0.030094 0.047822
0 0.778695 0.169663 0.018797 0.046572
0 0.786148 0.182930 0.023328 0.045566
0 0.570258 0.041050 0.027062 0.075850
0 0.416699 0.057427 0.030914 0.032080
0 0.401180 0.076699 0.036859 0.020117
0 0.489316 0.195557 0.023977 0.035664
0 0.487691 0.209336 0.011664 0.033613
0 0.510699 0.201226 0.014898 0.049033
0 0.487211 0.238940 0.036125 0.022275
0 0.455426 0.306943 0.014492 0.037031
0 0.445629 0.316421 0.013555 0.057158
0 0.456902 0.986689 0.021023 0.026621
