0 0.824008 0.674722 0.015391 0.043740
0 0.546832 0.914854 0.016758 0.051133
0 0.525367 0.949868 0.035922 0.020928
0 0.525508 0.917183 0.012281 0.031729
0 0.513223 0.921064 0.011742 0.037793
0 0.440141 0.788296 0.043266 0.028779
0 0.455125 0.774927 0.030797 0.039307
0 0.810406 0.881836 0.032719 0.040547
0 0.809090 0.862676 0.022039 0.043008
0 0.604934 0.759268 0.033211 0.047793
0 0.775406 0.751162 0.017984 0.029766
0 0.792371 0.740391 0.014742 0.030977
0 0.942816 0.823994 0.025430 0.055508
0 0.912199 0.838169 0.028023 0.023916
0 0.914551 0.814790 0.020086 0.031787
0 0.905395 0.779351 0.037742 0.033818
0 0.889844 0.703906 0.028312 0.032344
0 0.782395 0.604634 0.025273 0.042549
0 0.834051 0.563770 0.022008 0.042363
0 0.822574 0.574404 0.015523 0.046406
0 0.819539 0.534155 0.025109 0.050967
0 0.796742 0.537925 0.015156 0.049150
0 0.812488 0.505688 0.027211 0.034287
0 0.827625 0.455225 0.019062 0.041504
