1 0.344301 0.973755 0.039320 0.052490
1 0.331137 0.933550 0.026398 0.038076
1 0.361594 0.929741 0.031812 0.040615
1 0.397090 0.959771 0.047445 0.041455
1 0.359902 0.861211 0.032492 0.050762
1 0.423184 0.840483 0.030461 0.068525
1 0.414687 0.929316 0.042031 0.024531
1 0.394047 0.918745 0.031875 0.049072
5 0.854352 0.797070 0.062047 0.031016
5 0.937543 0.693784 0.037789 0.059932
5 0.881988 0.732207 0.059789 0.029609
5 0.882273 0.786143 0.058094 0.027500
5 0.882270 0.756885 0.060352 0.023965
5 0.982945 0.726924 0.033844 0.041602
