0 0.092770 0.076699 0.017914 0.057383
0 0.035660 0.419307 0.032195 0.023789
0 0.042664 0.365420 0.019875 0.044082
0 0.064238 0.202505 0.010367 0.038682
0 0.072094 0.197847 0.017328 0.042725
0 0.076371 0.503096 0.031914 0.044141
0 0.177539 0.461904 0.029031 0.024980
0 0.173016 0.436001 0.029969 0.029873
0 0.206496 0.445791 0.019711 0.053496
0 0.180316 0.379165 0.038883 0.037666
0 0.147906 0.311030 0.029344 0.050791
0 0.045633 0.197759 0.014984 0.043877
0 0.054742 0.168984 0.016203 0.026152
0 0.069395 0.125337 0.015961 0.052490
0 0.073133 0.482944 0.024141 0.036650
0 0.082625 0.194404 0.014094 0.043535
0 0.054031 0.249180 0.027797 0.054434
