0 0.178867 0.738037 0.014578 0.035098
0 0.093406 0.958516 0.011875 0.016875
0 0.076672 0.944004 0.011875 0.017539
0 0.084766 0.908740 0.011344 0.028691
0 0.080445 0.873467 0.012953 0.023613
0 0.131609 0.913633 0.012688 0.017539
0 0.189258 0.862676 0.017828 0.016875
0 0.116492 0.824717 0.010797 0.014199
0 0.156461 0.771777 0.014016 0.020937
0 0.169945 0.710674 0.018359 0.033105
0 0.183180 0.530127 0.022453 0.014863
0 0.200898 0.250117 0.019672 0.019727
0 0.244180 0.242305 0.018453 0.017773
0 0.258703 0.315547 0.012500 0.017773
0 0.287930 0.298457 0.015328 0.030469
0 0.449656 0.241680 0.014812 0.020391
0 0.407195 0.195176 0.020078 0.014766
0 0.315422 0.214160 0.013500 0.014297
0 0.257945 0.179629 0.012703 0.029023
0 0.346914 0.169854 0.010266 0.020918
0 0.365273 0.151787 0.012953 0.021270
0 0.457508 0.072354 0.022672 0.022285
0 0.554055 0.031855 0.016203 0.026328
0 0.361070 0.035078 0.010797 0.017383
