0 0.624672 0.224600 0.012938 0.026270
0 0.554109 0.348145 0.012375 0.021836
0 0.694063 0.464941 0.026500 0.016562
0 0.630898 0.472539 0.009172 0.020273
0 0.729578 0.235254 0.021063 0.019922
0 0.707562 0.166035 0.018156 0.024297
0 0.718742 0.103857 0.011016 0.029160
0 0.660078 0.157520 0.015469 0.015820
0 0.723062 0.156484 0.013625 0.012656
0 0.776422 0.140977 0.010594 0.016055
0 0.568445 0.659092 0.020516 0.029355
0 0.580992 0.673047 0.011641 0.019609
0 0.464438 0.893818 0.023000 0.026738
0 0.575273 0.770098 0.013641 0.018945
