0 0.729805 0.953076 0.019609 0.019824
0 0.754789 0.938125 0.011984 0.023125
0 0.714516 0.884307 0.016875 0.015957
0 0.729883 0.876807 0.012391 0.012676
0 0.781453 0.858877 0.012375 0.019941
0 0.728859 0.818672 0.008625 0.015703
0 0.897633 0.866299 0.013234 0.020957
0 0.862523 0.835771 0.021328 0.028027
0 0.810016 0.810947 0.013500 0.025684
0 0.828492 0.791377 0.014266 0.022988
0 0.829875 0.602764 0.015875 0.016660
0 0.822758 0.670195 0.010047 0.018672
0 0.903430 0.711709 0.009391 0.022324
0 0.914125 0.702422 0.010688 0.014180
0 0.988797 0.660068 0.016844 0.022715
0 0.992945 0.607422 0.014109 0.022734
0 0.954164 0.517783 0.016203 0.024707
