0 0.502250 0.362119 0.018094 0.026699
0 0.445609 0.727549 0.014219 0.021504
0 0.400531 0.687607 0.020312 0.020527
0 0.341617 0.653916 0.010953 0.021895
0 0.360367 0.636338 0.014391 0.025410
0 0.263469 0.795293 0.020156 0.019141
0 0.286977 0.785527 0.016266 0.033984
0 0.247094 0.722715 0.032063 0.024180
0 0.252812 0.665996 0.012000 0.032148
0 0.313453 0.701230 0.015969 0.018281
0 0.352945 0.509619 0.013484 0.034863
0 0.451836 0.554678 0.024297 0.025605
0 0.548961 0.513984 0.020922 0.028164
0 0.554594 0.458721 0.020469 0.023926
0 0.469883 0.455488 0.025203 0.018594
0 0.468297 0.426094 0.022500 0.024492
0 0.407750 0.470762 0.009063 0.020703
0 0.395250 0.440000 0.019687 0.017773
