1 0.099699 0.447026 0.036102 0.045830
1 0.416395 0.394858 0.049070 0.026084
1 0.463773 0.351851 0.052453 0.031729
1 0.561625 0.318364 0.029328 0.054990
1 0.354633 0.310254 0.036094 0.055703
1 0.409625 0.289458 0.044563 0.032432
1 0.430777 0.255615 0.036102 0.026797
1 0.408777 0.243281 0.032711 0.044414
1 0.374375 0.255264 0.033844 0.037363
1 0.343637 0.261255 0.032148 0.049346
1 0.372684 0.181230 0.032711 0.065586
5 0.884563 0.168730 0.047875 0.077891
1 0.437969 0.161890 0.034687 0.060010
5 0.901992 0.123784 0.050437 0.026396
5 0.886605 0.101958 0.058477 0.043662
5 0.898379 0.065410 0.052789 0.035527
5 0.952754 0.036475 0.031758 0.052793
5 0.990812 0.079116 0.018375 0.038584
