0 0.606922 0.784297 0.017781 0.030938
0 0.570023 0.758838 0.024078 0.030098
0 0.574500 0.867725 0.014406 0.014941
0 0.695672 0.566982 0.027813 0.018223
0 0.729000 0.336055 0.015750 0.020000
0 0.754203 0.316240 0.010812 0.029824
0 0.666719 0.270889 0.018469 0.019434
0 0.661992 0.257432 0.014297 0.015215
0 0.721266 0.201973 0.011625 0.032812
0 0.709547 0.260918 0.021563 0.016641
0 0.779484 0.235615 0.013312 0.021348
0 0.806563 0.190820 0.013125 0.024609
0 0.625859 0.328418 0.010781 0.021680
0 0.466023 0.986592 0.023859 0.026816
0 0.631102 0.577246 0.009391 0.016641
