0 0.774914 0.114126 0.019828 0.032393
0 0.742758 0.013125 0.030516 0.026250
0 0.909938 0.087910 0.028922 0.045234
0 0.879961 0.077266 0.020766 0.030937
0 0.880313 0.100303 0.027531 0.017520
0 0.459949 0.953018 0.026617 0.045762
0 0.442875 0.264780 0.013094 0.060244
0 0.453605 0.255571 0.014852 0.035791
0 0.484367 0.187114 0.036391 0.025400
0 0.485645 0.160723 0.011898 0.030352
0 0.507691 0.151831 0.014930 0.045225
0 0.867828 0.038481 0.032891 0.025693
0 0.487398 0.142354 0.024266 0.032109
0 0.399293 0.028789 0.036742 0.021387
0 0.574629 0.015415 0.014789 0.030830
0 0.782262 0.134248 0.020992 0.044063
