0 0.735016 0.817441 0.021000 0.021875
0 0.758922 0.802295 0.013219 0.029707
0 0.672609 0.761475 0.016344 0.020957
0 0.714492 0.752402 0.017766 0.025586
0 0.732383 0.738770 0.016203 0.014063
0 0.813227 0.673359 0.012203 0.024375
0 0.831133 0.651328 0.014641 0.020625
0 0.868164 0.697969 0.018953 0.024844
0 0.873203 0.486719 0.010781 0.021875
0 0.857437 0.460332 0.015312 0.015430
0 0.844313 0.459648 0.009688 0.019922
0 0.830875 0.458574 0.017500 0.018164
0 0.991523 0.523135 0.016953 0.025879
0 0.993437 0.472637 0.013125 0.026719
0 0.953070 0.381982 0.013734 0.026855
