0 0.669781 0.417813 0.017813 0.022031
0 0.663250 0.406348 0.017625 0.016875
0 0.711625 0.415020 0.015375 0.019219
0 0.725047 0.347402 0.010813 0.031719
0 0.694250 0.713330 0.030125 0.020293
0 0.816969 0.123203 0.021187 0.023672
0 0.834500 0.126719 0.011250 0.018516
0 0.847898 0.131523 0.015203 0.017344
0 0.861406 0.154023 0.015562 0.017344
0 0.912312 0.122031 0.012750 0.016172
0 0.916250 0.149805 0.018375 0.016406
0 0.984656 0.201270 0.014312 0.020234
0 0.984437 0.156533 0.016469 0.020605
0 0.904648 0.240742 0.016203 0.026367
0 0.811703 0.336221 0.010312 0.020996
0 0.865734 0.366387 0.013719 0.015469
0 0.829219 0.316777 0.012375 0.022500
0 0.782172 0.380820 0.015469 0.016875
0 0.757352 0.470811 0.014297 0.022715
0 0.730641 0.486807 0.013938 0.015020
0 0.569375 0.898340 0.020625 0.027148
0 0.610094 0.919512 0.012812 0.025000
0 0.628836 0.477520 0.011484 0.023086
