0 0.776266 0.925176 0.014531 0.019922
0 0.724391 0.943828 0.018281 0.013086
0 0.708375 0.952422 0.015313 0.016211
0 0.667031 0.963867 0.014063 0.011328
0 0.951250 0.599043 0.011344 0.023281
0 0.921148 0.658281 0.014859 0.019570
0 0.990070 0.681563 0.019859 0.023633
0 0.987164 0.728652 0.014578 0.020586
0 0.904266 0.780459 0.021063 0.025645
0 0.826234 0.677012 0.017281 0.017227
0 0.819758 0.748047 0.012953 0.026328
0 0.889891 0.933320 0.016094 0.022852
0 0.853250 0.904512 0.020625 0.025391
0 0.822156 0.860762 0.012500 0.025000
0 0.804430 0.878926 0.012359 0.023438
0 0.722750 0.890107 0.009688 0.016426
