0 0.695898 0.612930 0.027984 0.018477
0 0.734336 0.382139 0.022734 0.019395
0 0.756375 0.368340 0.014875 0.029844
0 0.710516 0.312490 0.018625 0.020957
0 0.668539 0.315859 0.018359 0.019609
0 0.662594 0.304727 0.015125 0.017578
0 0.606672 0.829756 0.017188 0.032246
0 0.620969 0.840400 0.011094 0.039082
0 0.569094 0.804561 0.021406 0.029121
0 0.843313 0.038711 0.015375 0.018516
0 0.814641 0.037344 0.017063 0.016406
0 0.830391 0.029834 0.013687 0.036113
0 0.909906 0.057500 0.022312 0.014297
0 0.905781 0.032656 0.012563 0.016641
0 0.807461 0.239434 0.011922 0.023047
0 0.824672 0.219326 0.011688 0.020527
0 0.723297 0.248428 0.009687 0.028691
0 0.781141 0.285137 0.012375 0.018281
0 0.626281 0.376797 0.011437 0.020625
