0 0.781187 0.053193 0.022859 0.034414
0 0.458695 0.572856 0.012344 0.055635
0 0.468660 0.566079 0.012961 0.038271
0 0.501398 0.496113 0.037391 0.018242
0 0.490395 0.468599 0.012414 0.050303
0 0.502953 0.460874 0.013781 0.040107
0 0.523266 0.457974 0.014719 0.050303
0 0.413395 0.324580 0.038508 0.031367
0 0.429250 0.310615 0.031688 0.034023
0 0.585602 0.289575 0.023328 0.075088
0 0.800840 0.435469 0.022195 0.048398
0 0.794562 0.420000 0.019125 0.045156
0 0.931023 0.381592 0.026125 0.053652
0 0.900352 0.394712 0.026828 0.018662
0 0.901984 0.374307 0.016563 0.032656
0 0.889293 0.329683 0.036570 0.025869
0 0.755094 0.300684 0.016781 0.033281
0 0.771406 0.285327 0.014906 0.039150
0 0.871855 0.248770 0.025773 0.048418
0 0.801305 0.221538 0.017188 0.037686
0 0.758633 0.145747 0.022672 0.059482
0 0.809184 0.111646 0.020523 0.037646
0 0.796473 0.119375 0.018430 0.040273
0 0.793555 0.077690 0.017266 0.048408
0 0.770691 0.088755 0.014461 0.050771
