0 0.853539 0.905938 0.019172 0.024297
0 0.949766 0.599043 0.010000 0.022617
0 0.990070 0.681094 0.019859 0.023359
0 0.985945 0.729492 0.017016 0.019570
0 0.903461 0.779951 0.021047 0.029355
0 0.921148 0.660137 0.013234 0.020586
0 0.826242 0.677178 0.016734 0.017559
0 0.819359 0.748223 0.012156 0.026680
0 0.666969 0.963984 0.013219 0.013516
0 0.708953 0.954199 0.017281 0.016875
0 0.722055 0.943740 0.019172 0.012832
0 0.723938 0.890068 0.012156 0.017559
0 0.776188 0.925674 0.015656 0.021270
0 0.804094 0.880283 0.013687 0.022949
0 0.821547 0.861895 0.011875 0.018555
0 0.889586 0.934111 0.016734 0.021270
