0 0.666570 0.958379 0.016422 0.017969
0 0.776023 0.917959 0.014547 0.019238
0 0.890625 0.926523 0.013437 0.018828
0 0.855273 0.898262 0.018453 0.020234
0 0.823328 0.852139 0.011250 0.017441
0 0.991359 0.672139 0.017281 0.019121
0 0.820734 0.739971 0.010562 0.023613
0 0.906344 0.767119 0.019344 0.017715
0 0.988461 0.716963 0.013078 0.016035
0 0.923133 0.648623 0.010359 0.016582
0 0.951031 0.591104 0.010344 0.021934
0 0.723664 0.881641 0.007516 0.014453
0 0.710242 0.945098 0.013453 0.012500
0 0.727812 0.936328 0.012188 0.011719
0 0.803406 0.872637 0.013281 0.021094
0 0.826406 0.670000 0.016250 0.017969
