0 0.115844 0.961885 0.019437 0.017246
0 0.089383 0.916982 0.012953 0.019941
0 0.188609 0.819131 0.017562 0.019238
0 0.077367 0.833809 0.012141 0.020937
0 0.156039 0.729492 0.013734 0.020000
0 0.177641 0.692090 0.013719 0.035195
0 0.169203 0.666074 0.019812 0.033789
0 0.457531 0.028633 0.018562 0.021797
0 0.407172 0.150254 0.019219 0.017969
0 0.449398 0.197949 0.015016 0.024375
0 0.347734 0.122520 0.010500 0.019922
0 0.368070 0.106006 0.012922 0.020605
0 0.260664 0.136582 0.011484 0.032617
0 0.246742 0.197305 0.016203 0.018008
0 0.202188 0.204609 0.018438 0.018008
0 0.260813 0.269717 0.013500 0.013613
0 0.289500 0.251680 0.013875 0.027187
0 0.183023 0.482607 0.023484 0.012832
