0 0.068594 0.305801 0.031297 0.042773
0 0.048344 0.050327 0.027219 0.053252
0 0.048102 0.011948 0.010531 0.023896
0 0.062922 0.014482 0.009719 0.028965
0 0.072402 0.014380 0.010852 0.028760
0 0.082527 0.014482 0.011992 0.028965
0 0.037664 0.175435 0.019828 0.046904
0 0.029309 0.228530 0.031492 0.027217
0 0.063152 0.287212 0.023914 0.037178
0 0.176426 0.183086 0.035461 0.041699
0 0.196313 0.241992 0.015938 0.049082
0 0.167348 0.236157 0.025273 0.032568
0 0.168262 0.263013 0.029352 0.021631
0 0.136613 0.109844 0.022164 0.039121
