0 0.458867 0.450127 0.022266 0.026738
0 0.570703 0.324512 0.017344 0.018945
0 0.613312 0.266768 0.014000 0.021426
0 0.600883 0.240527 0.016328 0.023359
0 0.630227 0.222061 0.026047 0.022402
0 0.579109 0.227187 0.019437 0.020898
0 0.564133 0.208936 0.020609 0.031152
0 0.498820 0.146240 0.019828 0.020449
0 0.683109 0.029756 0.032469 0.018887
0 0.531000 0.483750 0.017250 0.022227
0 0.516687 0.471855 0.013875 0.025312
0 0.524625 0.423711 0.012188 0.028711
0 0.524156 0.386504 0.014063 0.026562
0 0.441836 0.069531 0.013266 0.015742
